

----------------------------------------------------
STRUCTURE by Pritchard, Stephens and Donnelly (2000)
     and Falush, Stephens and Pritchard (2003)
       Code by Pritchard, Falush and Hubisz
             Version 2.3.4 (Jul 2012)
----------------------------------------------------



Input File:    REFELE_5.32_structure.txt

Run parameters:
   2417 individuals
   16 loci
   5 populations assumed
   10000 Burn-in period
   20000 Reps


--------------------------------------------
Proportion of membership of each pre-defined
 population in each of the 5 clusters

Given    Inferred Clusters                     Number of
 Pop       1      2      3      4      5      Individuals

  0:     0.003  0.991  0.002  0.002  0.002        1
  1:     0.144  0.006  0.033  0.064  0.752       56
  3:     0.358  0.007  0.039  0.388  0.209       29
  4:     0.007  0.974  0.006  0.007  0.006       18
  5:     0.496  0.004  0.022  0.282  0.196      147
  7:     0.313  0.003  0.075  0.556  0.054       17
  8:     0.028  0.040  0.847  0.068  0.016       17
  9:     0.200  0.003  0.071  0.644  0.082       73
 10:     0.406  0.010  0.180  0.198  0.206        3
 11:     0.003  0.989  0.003  0.003  0.003       18
 13:     0.005  0.983  0.005  0.004  0.004        6
 14:     0.121  0.004  0.049  0.088  0.738       22
 15:     0.009  0.959  0.010  0.010  0.012       97
 16:     0.134  0.003  0.040  0.734  0.091       72
 17:     0.031  0.873  0.035  0.033  0.027       41
 18:     0.267  0.004  0.053  0.617  0.059       21
 19:     0.015  0.006  0.937  0.026  0.016       20
 20:     0.170  0.002  0.012  0.051  0.765       94
 22:     0.004  0.983  0.004  0.004  0.004       12
 23:     0.233  0.038  0.062  0.177  0.491       14
 24:     0.256  0.004  0.123  0.519  0.099       36
 25:     0.542  0.005  0.030  0.091  0.333       16
 26:     0.007  0.972  0.006  0.007  0.007       17
 27:     0.186  0.002  0.028  0.071  0.713       62
 29:     0.547  0.003  0.016  0.142  0.292       18
 30:     0.265  0.003  0.011  0.203  0.518        9
 31:     0.357  0.002  0.025  0.117  0.499       26
 32:     0.431  0.005  0.018  0.149  0.397       17
 33:     0.360  0.003  0.018  0.160  0.460       10
 34:     0.506  0.003  0.048  0.194  0.249       21
 35:     0.005  0.978  0.005  0.007  0.004        3
 38:     0.003  0.990  0.002  0.002  0.003        7
 40:     0.644  0.004  0.033  0.162  0.158       60
 41:     0.009  0.014  0.960  0.009  0.009       16
 42:     0.420  0.005  0.014  0.436  0.125       32
 44:     0.011  0.951  0.017  0.013  0.008        9
 46:     0.032  0.004  0.892  0.055  0.017       31
 47:     0.003  0.988  0.004  0.003  0.003       19
 48:     0.537  0.005  0.022  0.152  0.285       26
 49:     0.393  0.002  0.017  0.291  0.296       18
 50:     0.010  0.962  0.009  0.005  0.014       14
 51:     0.010  0.964  0.007  0.009  0.010       30
 53:     0.146  0.003  0.018  0.617  0.216       11
 57:     0.040  0.733  0.132  0.083  0.012        6
 61:     0.500  0.008  0.042  0.221  0.228       12
 62:     0.124  0.716  0.073  0.042  0.045       11
 64:     0.464  0.003  0.050  0.308  0.174        9
 66:     0.194  0.147  0.129  0.407  0.122       85
 67:     0.147  0.016  0.445  0.322  0.071       36
 69:     0.148  0.005  0.492  0.243  0.112       17
 72:     0.233  0.007  0.070  0.168  0.522        7
 73:     0.020  0.042  0.910  0.016  0.012        8
 74:     0.027  0.003  0.931  0.017  0.022        8
 76:     0.025  0.832  0.092  0.036  0.015        1
 77:     0.005  0.980  0.005  0.005  0.005       10
 80:     0.652  0.003  0.058  0.060  0.228       13
 84:     0.017  0.936  0.009  0.020  0.019        9
 89:     0.015  0.947  0.012  0.012  0.015       13
 96:     0.038  0.003  0.588  0.320  0.050       31
 97:     0.175  0.370  0.101  0.271  0.084       69
102:     0.005  0.979  0.008  0.004  0.004       37
106:     0.133  0.003  0.102  0.684  0.077        3
107:     0.005  0.981  0.004  0.005  0.005       24
109:     0.427  0.004  0.019  0.376  0.174       19
110:     0.503  0.002  0.012  0.270  0.213       23
112:     0.006  0.033  0.951  0.006  0.005       33
113:     0.418  0.051  0.015  0.149  0.366        3
114:     0.262  0.004  0.183  0.417  0.134       15
115:     0.371  0.002  0.025  0.575  0.026        4
116:     0.217  0.004  0.029  0.584  0.168       39
117:     0.154  0.004  0.012  0.817  0.012        1
118:     0.010  0.956  0.014  0.011  0.008       85
119:     0.142  0.003  0.601  0.206  0.048        7
120:     0.053  0.003  0.667  0.214  0.063       18
121:     0.416  0.004  0.021  0.395  0.164        8
122:     0.065  0.696  0.051  0.160  0.028       16
123:     0.065  0.795  0.022  0.043  0.076       10
124:     0.003  0.985  0.005  0.004  0.003       12
125:     0.003  0.986  0.004  0.004  0.004       22
126:     0.004  0.983  0.005  0.004  0.004       61
127:     0.012  0.912  0.011  0.022  0.044        7
129:     0.013  0.939  0.022  0.011  0.015       32
131:     0.097  0.701  0.027  0.074  0.101        1
132:     0.038  0.323  0.309  0.260  0.071        3
134:     0.012  0.955  0.012  0.011  0.011        3
136:     0.298  0.002  0.017  0.611  0.072       30
137:     0.391  0.010  0.023  0.087  0.488       23
138:     0.005  0.974  0.009  0.006  0.006       30
139:     0.265  0.003  0.037  0.110  0.585        4
140:     0.288  0.002  0.015  0.031  0.665       11
141:     0.135  0.005  0.617  0.191  0.053       10
142:     0.094  0.002  0.045  0.534  0.325        2
143:     0.383  0.003  0.017  0.046  0.551        4
144:     0.188  0.194  0.073  0.469  0.075       17
145:     0.222  0.260  0.086  0.278  0.154        7
146:     0.058  0.003  0.809  0.062  0.069        5
147:     0.200  0.002  0.108  0.607  0.082       11
149:     0.033  0.006  0.668  0.186  0.107        1
150:     0.234  0.003  0.029  0.180  0.555       66
151:     0.088  0.003  0.037  0.111  0.762       16
152:     0.150  0.003  0.022  0.055  0.770       13
153:     0.043  0.002  0.006  0.075  0.873        3
154:     0.839  0.007  0.009  0.123  0.022        4
155:     0.881  0.005  0.023  0.024  0.067        1
156:     0.003  0.988  0.003  0.003  0.003        1
157:     0.005  0.980  0.005  0.005  0.004       25
158:     0.003  0.988  0.002  0.003  0.003        4
159:     0.225  0.003  0.051  0.658  0.063        4
160:     0.231  0.003  0.147  0.502  0.118        8
--------------------------------------------

Allele-freq. divergence among pops (Net nucleotide distance),
computed using point estimates of P.

      1       2       3       4       5      
 1      -    0.2043  0.0504  0.0091  0.0106  
 2   0.2043     -    0.2253  0.2029  0.2218  
 3   0.0504  0.2253     -    0.0448  0.0617  
 4   0.0091  0.2029  0.0448     -    0.0182  
 5   0.0106  0.2218  0.0617  0.0182     -    

Average distances (expected heterozygosity) between individuals in same cluster:
cluster  1  : 0.6377 
cluster  2  : 0.8252 
cluster  3  : 0.6026 
cluster  4  : 0.6396 
cluster  5  : 0.6069 

--------------------------------------------
Estimated Ln Prob of Data   = -118195.8
Mean value of ln likelihood = -117127.7
Variance of ln likelihood   = 2136.2
Mean value of alpha         = 0.0396

Mean value of Fst_1         = 0.2135
Mean value of Fst_2         = 0.0809
Mean value of Fst_3         = 0.2138
Mean value of Fst_4         = 0.2139
Mean value of Fst_5         = 0.2314


Inferred ancestry of individuals:
        Label (%Miss) Pop:  Inferred clusters
  1   AB4521    (6)    7 :  0.818 0.004 0.034 0.111 0.035 
  2   AB4522    (0)    7 :  0.581 0.002 0.008 0.395 0.014 
  3   AB4523    (0)    7 :  0.146 0.003 0.019 0.820 0.012 
  4   AB4524    (0)    7 :  0.549 0.002 0.005 0.424 0.020 
  5   AB4525    (0)    7 :  0.048 0.002 0.044 0.854 0.052 
  6   AB4526    (0)    7 :  0.357 0.002 0.026 0.599 0.015 
  7   AB4527    (0)    7 :  0.415 0.002 0.024 0.469 0.090 
  8   AB4528    (0)    7 :  0.107 0.002 0.392 0.485 0.013 
  9   AB4529    (0)    7 :  0.280 0.002 0.008 0.689 0.020 
 10   AB4530    (0)    7 :  0.034 0.002 0.118 0.465 0.381 
 11   AB4531    (0)    7 :  0.061 0.002 0.135 0.780 0.022 
 12   AB4532    (0)    7 :  0.020 0.005 0.023 0.944 0.007 
 13   AB4533    (0)    7 :  0.309 0.002 0.180 0.437 0.073 
 14   AB4534    (0)    7 :  0.815 0.011 0.104 0.056 0.014 
 15   AB4535    (0)    7 :  0.507 0.003 0.057 0.388 0.045 
 16   AB4541    (0)    7 :  0.244 0.002 0.085 0.584 0.086 
 17   AB4542    (0)    7 :  0.023 0.002 0.011 0.955 0.009 
 18   AM0001    (0)   16 :  0.022 0.003 0.055 0.643 0.278 
 19   AM0002    (0)   16 :  0.015 0.003 0.012 0.926 0.046 
 20   AM0003    (0)   16 :  0.135 0.002 0.020 0.175 0.669 
 21   AM0004    (0)   16 :  0.030 0.003 0.029 0.929 0.009 
 22   AM0005    (0)   16 :  0.016 0.003 0.008 0.967 0.005 
 23   AM0006    (0)   16 :  0.026 0.002 0.014 0.939 0.019 
 24   AM0007    (0)   16 :  0.032 0.002 0.009 0.923 0.034 
 25   AM0008    (0)   16 :  0.469 0.002 0.019 0.480 0.030 
 26   AM0011    (0)   16 :  0.089 0.002 0.054 0.825 0.030 
 27   AM0012    (0)   16 :  0.022 0.003 0.047 0.894 0.034 
 28   AM0013    (0)   16 :  0.041 0.002 0.011 0.853 0.093 
 29   AM0014    (0)   16 :  0.080 0.002 0.011 0.865 0.041 
 30   AM0015    (0)   16 :  0.359 0.002 0.014 0.302 0.323 
 31   AM0016    (0)   16 :  0.266 0.002 0.044 0.658 0.030 
 32   AM0017    (0)   16 :  0.112 0.002 0.066 0.803 0.017 
 33   AM0018    (0)   16 :  0.068 0.002 0.005 0.086 0.840 
 34   AM0019    (0)   16 :  0.053 0.002 0.022 0.908 0.015 
 35   AM0020    (0)   16 :  0.030 0.002 0.010 0.924 0.034 
 36   AM0021    (0)   16 :  0.032 0.003 0.009 0.903 0.052 
 37   AM0022    (0)   16 :  0.046 0.002 0.010 0.923 0.019 
 38   AM0023    (0)   16 :  0.100 0.002 0.005 0.818 0.075 
 39   AM0024    (0)   16 :  0.012 0.003 0.007 0.822 0.155 
 40   AM0025    (0)   16 :  0.188 0.002 0.049 0.729 0.031 
 41   AM0026    (0)   16 :  0.135 0.001 0.036 0.767 0.061 
 42   AM0027    (0)   16 :  0.171 0.002 0.012 0.772 0.043 
 43   AM0028    (0)   16 :  0.012 0.002 0.006 0.969 0.011 
 44   AM0029    (0)   16 :  0.093 0.002 0.024 0.863 0.018 
 45   AM0030    (0)   16 :  0.127 0.002 0.017 0.715 0.138 
 46   AM0031    (0)   16 :  0.031 0.002 0.182 0.768 0.016 
 47   AM0032    (0)   16 :  0.018 0.002 0.007 0.941 0.032 
 48   AM0033    (0)   16 :  0.010 0.002 0.016 0.963 0.009 
 49   AM0034    (0)   16 :  0.191 0.005 0.012 0.758 0.034 
 50   AM0035    (0)   16 :  0.119 0.002 0.014 0.431 0.434 
 51   AM0036    (0)   16 :  0.047 0.003 0.022 0.907 0.021 
 52   AM0037    (0)   16 :  0.044 0.002 0.012 0.932 0.010 
 53   AM0038    (0)   16 :  0.092 0.002 0.008 0.889 0.010 
 54   AM4551    (0)   16 :  0.072 0.002 0.011 0.872 0.043 
 55   AM4552    (0)   16 :  0.236 0.002 0.009 0.744 0.010 
 56   AM4553    (0)   16 :  0.020 0.008 0.821 0.139 0.013 
 57   AM4554    (0)   16 :  0.031 0.002 0.011 0.944 0.013 
 58   AM4555    (0)   16 :  0.246 0.005 0.019 0.163 0.568 
 59   AM4557    (0)   16 :  0.010 0.005 0.050 0.924 0.011 
 60   AM4558    (0)   16 :  0.029 0.002 0.117 0.829 0.023 
 61   AM4559    (0)   16 :  0.014 0.002 0.017 0.888 0.080 
 62   AM4560    (0)   16 :  0.505 0.002 0.075 0.145 0.273 
 63   AM4561    (0)   16 :  0.108 0.003 0.102 0.775 0.013 
 64   AM4562   (25)   16 :  0.218 0.006 0.008 0.754 0.014 
 65   AM4563   (12)   16 :  0.322 0.004 0.014 0.648 0.012 
 66   AM4564    (0)   16 :  0.342 0.002 0.017 0.604 0.035 
 67   AM4565    (0)   16 :  0.533 0.004 0.010 0.428 0.025 
 68   AM4566    (0)   16 :  0.118 0.002 0.077 0.792 0.011 
 69   AM4567    (0)   16 :  0.289 0.002 0.015 0.682 0.012 
 70   AM4568    (0)   16 :  0.024 0.003 0.012 0.933 0.028 
 71   AM4569    (0)   16 :  0.036 0.003 0.056 0.451 0.453 
 72   AM4570    (6)   16 :  0.006 0.002 0.006 0.978 0.007 
 73   AM4571    (0)   16 :  0.019 0.002 0.012 0.957 0.011 
 74   AM4573    (0)   16 :  0.020 0.002 0.019 0.953 0.006 
 75   AM4574    (0)   16 :  0.210 0.003 0.023 0.758 0.006 
 76   AM4575    (0)   16 :  0.192 0.002 0.012 0.782 0.012 
 77   AM4576    (0)   16 :  0.009 0.004 0.011 0.970 0.006 
 78   AM4577    (0)   16 :  0.016 0.002 0.011 0.887 0.084 
 79   AM4578    (0)   16 :  0.072 0.002 0.040 0.779 0.107 
 80   AM4579    (0)   16 :  0.024 0.003 0.012 0.954 0.007 
 81   AM4580    (0)   16 :  0.014 0.004 0.016 0.950 0.016 
 82   AM4581    (0)   16 :  0.350 0.002 0.009 0.083 0.557 
 83   AM4582    (0)   16 :  0.291 0.002 0.018 0.517 0.172 
 84   AM4583   (31)   16 :  0.016 0.004 0.014 0.952 0.014 
 85   AM4584    (0)   16 :  0.628 0.003 0.058 0.279 0.032 
 86   AM4585    (0)   16 :  0.016 0.002 0.014 0.962 0.006 
 87   AM4587    (0)   16 :  0.550 0.004 0.225 0.131 0.090 
 88    ANG05   (18)   35 :  0.005 0.983 0.003 0.005 0.004 
 89 ANG07-ANG15   (18)   35 :  0.002 0.990 0.002 0.003 0.002 
 90 ANG08-ANG26   (12)   35 :  0.008 0.962 0.009 0.015 0.007 
 91    ANG30   (12)   151 :  0.018 0.002 0.008 0.074 0.898 
 92    ANG32    (0)   151 :  0.015 0.002 0.008 0.016 0.959 
 93    ANG33    (6)   151 :  0.010 0.003 0.012 0.014 0.961 
 94    ANG34    (0)   152 :  0.050 0.005 0.013 0.045 0.886 
 95 ANG35-ANG36    (0)   152 :  0.016 0.002 0.004 0.010 0.969 
 96    ANG37   (25)   152 :  0.042 0.003 0.012 0.011 0.933 
 97    ANG38    (6)   152 :  0.843 0.002 0.006 0.024 0.125 
 98    ANG39   (12)   152 :  0.013 0.002 0.011 0.012 0.962 
 99    ANG40   (25)   152 :  0.102 0.004 0.022 0.032 0.841 
100    ANG42    (0)   151 :  0.141 0.002 0.007 0.013 0.837 
101    ANG43    (0)   151 :  0.012 0.002 0.015 0.010 0.961 
102    ANG44    (0)   151 :  0.029 0.002 0.006 0.009 0.954 
103    ANG47    (6)   152 :  0.033 0.003 0.007 0.007 0.950 
104    ANG49    (0)   152 :  0.059 0.003 0.013 0.120 0.806 
105    ANG50   (25)   152 :  0.021 0.002 0.164 0.389 0.423 
106    ANG53    (6)   152 :  0.016 0.002 0.005 0.010 0.968 
107    ANG54   (12)   152 :  0.032 0.002 0.008 0.021 0.937 
108    ANG55   (12)   152 :  0.142 0.004 0.017 0.018 0.820 
109    ANG56    (6)   152 :  0.581 0.004 0.006 0.018 0.391 
110    ANG57    (6)   27 :  0.099 0.002 0.016 0.010 0.873 
111    ANG58    (0)   27 :  0.018 0.002 0.012 0.014 0.954 
112   BE4035    (0)    8 :  0.007 0.003 0.978 0.008 0.004 
113   BE4036    (0)    8 :  0.018 0.002 0.964 0.008 0.008 
114   BE4037    (0)    8 :  0.053 0.123 0.793 0.015 0.017 
115   BE4038    (6)    8 :  0.011 0.004 0.742 0.216 0.027 
116   BE4039    (0)    8 :  0.021 0.100 0.829 0.022 0.028 
117   BE4053    (0)    8 :  0.005 0.052 0.934 0.005 0.004 
118   BE4055    (0)    8 :  0.060 0.041 0.069 0.768 0.062 
119   BE4056    (0)    8 :  0.003 0.002 0.988 0.004 0.003 
120   BE4057    (0)    8 :  0.023 0.062 0.892 0.009 0.014 
121   BE4058    (0)    8 :  0.009 0.003 0.972 0.010 0.006 
122   BE4059    (0)    8 :  0.008 0.003 0.964 0.014 0.011 
123   BEN009   (31)   118 :  0.004 0.983 0.005 0.004 0.004 
124   BEN011    (6)   118 :  0.011 0.956 0.010 0.011 0.012 
125 BEN014-BEN1    (0)   118 :  0.002 0.993 0.002 0.002 0.002 
126   BEN015    (0)   118 :  0.024 0.900 0.010 0.032 0.034 
127   BEN016    (0)   118 :  0.006 0.969 0.012 0.005 0.008 
128   BEN018    (6)   118 :  0.012 0.932 0.024 0.016 0.015 
129   BEN020    (0)   118 :  0.020 0.914 0.032 0.018 0.015 
130   BEN021    (6)   118 :  0.006 0.979 0.005 0.005 0.006 
131   BEN022    (0)   118 :  0.002 0.992 0.002 0.002 0.002 
132   BEN028   (31)   118 :  0.004 0.984 0.005 0.004 0.003 
133   BEN029    (0)   118 :  0.002 0.993 0.002 0.002 0.002 
134   BEN030    (0)   118 :  0.006 0.974 0.008 0.006 0.006 
135   BEN032   (18)   118 :  0.002 0.992 0.002 0.002 0.002 
136   BEN037    (0)   118 :  0.002 0.992 0.002 0.002 0.002 
137   BEN042    (0)   118 :  0.002 0.991 0.002 0.002 0.002 
138   BEN043   (12)   118 :  0.002 0.991 0.002 0.003 0.002 
139   BEN044    (0)   118 :  0.007 0.970 0.008 0.009 0.006 
140 BEN045-BKF0    (0)   118 :  0.003 0.989 0.003 0.003 0.002 
141   BEN046    (6)   118 :  0.002 0.992 0.002 0.002 0.002 
142 BEN048-BKF0    (6)   118 :  0.002 0.991 0.002 0.002 0.002 
143   BEN050    (0)   118 :  0.003 0.960 0.028 0.006 0.003 
144   BEN051    (0)   118 :  0.003 0.990 0.003 0.002 0.003 
145   BEN052    (0)   118 :  0.006 0.970 0.009 0.006 0.010 
146   BEN053    (0)   118 :  0.004 0.987 0.003 0.003 0.003 
147   BEN054   (12)   118 :  0.007 0.972 0.006 0.008 0.007 
148   BEN056   (37)   118 :  0.002 0.989 0.004 0.003 0.002 
149   BEN058    (0)   118 :  0.002 0.994 0.001 0.002 0.002 
150   BEN061   (25)   129 :  0.015 0.951 0.009 0.014 0.011 
151 BEN065-BEN0    (6)   129 :  0.006 0.975 0.006 0.006 0.007 
152 BEN072-BEN0    (0)   129 :  0.006 0.977 0.004 0.007 0.005 
153   BEN074    (6)   129 :  0.003 0.987 0.004 0.004 0.003 
154 BEN076-BEN1    (0)   129 :  0.059 0.766 0.134 0.010 0.031 
155   BEN089    (6)   129 :  0.002 0.988 0.004 0.004 0.002 
156 BEN090-BEN0    (0)   129 :  0.023 0.926 0.014 0.018 0.019 
157 BEN093-BEN0    (0)   129 :  0.018 0.927 0.024 0.016 0.015 
158 BEN097-BEN1    (0)   129 :  0.008 0.973 0.006 0.007 0.005 
159 BEN099-BEN1    (6)   129 :  0.008 0.970 0.015 0.005 0.002 
160     BEN1    (6)    8 :  0.012 0.003 0.959 0.015 0.010 
161    BEN10   (12)    8 :  0.011 0.266 0.703 0.006 0.013 
162 BEN100-BEN1    (0)   129 :  0.017 0.937 0.011 0.022 0.014 
163   BEN103    (0)   129 :  0.002 0.994 0.001 0.002 0.002 
164   BEN104   (25)   129 :  0.075 0.618 0.052 0.052 0.202 
165   BEN123   (18)   129 :  0.013 0.957 0.007 0.009 0.014 
166   BEN128   (43)   129 :  0.002 0.990 0.003 0.002 0.002 
167   BEN129   (18)   129 :  0.031 0.894 0.022 0.026 0.027 
168   BEN134    (0)   129 :  0.003 0.942 0.043 0.006 0.005 
169 BEN139-BEN1    (0)   129 :  0.002 0.991 0.002 0.002 0.002 
170    BEN14    (0)    8 :  0.211 0.004 0.768 0.012 0.005 
171   BEN146    (0)   129 :  0.019 0.922 0.021 0.023 0.016 
172   BEN147    (0)   118 :  0.015 0.912 0.030 0.020 0.023 
173   BEN148    (0)   118 :  0.007 0.969 0.006 0.008 0.010 
174   BEN149    (6)   118 :  0.016 0.947 0.009 0.010 0.018 
175   BEN150    (0)   118 :  0.002 0.993 0.002 0.002 0.002 
176   BEN151    (0)   118 :  0.002 0.994 0.002 0.002 0.002 
177   BEN152    (0)   118 :  0.002 0.991 0.002 0.003 0.002 
178   BEN153    (0)   118 :  0.030 0.876 0.082 0.006 0.006 
179   BEN154    (6)   118 :  0.002 0.992 0.002 0.002 0.002 
180   BEN159    (6)   118 :  0.017 0.894 0.055 0.019 0.015 
181   BEN163    (0)   118 :  0.002 0.990 0.002 0.003 0.003 
182   BEN165   (25)   118 :  0.043 0.872 0.052 0.026 0.008 
183   BEN168   (12)   118 :  0.003 0.984 0.004 0.004 0.005 
184   BEN169   (31)   118 :  0.008 0.971 0.004 0.008 0.009 
185   BEN172   (31)   118 :  0.096 0.580 0.023 0.257 0.045 
186   BEN176    (0)   118 :  0.002 0.993 0.001 0.002 0.002 
187   BEN182    (0)   118 :  0.002 0.993 0.002 0.002 0.002 
188   BEN183    (6)   118 :  0.002 0.993 0.002 0.002 0.002 
189   BEN184    (0)   118 :  0.018 0.900 0.022 0.031 0.029 
190   BEN187    (0)   118 :  0.002 0.993 0.002 0.002 0.002 
191    BEN25   (31)    8 :  0.008 0.006 0.970 0.009 0.007 
192    BEN36   (12)    8 :  0.008 0.009 0.957 0.008 0.018 
193     BEN7   (18)    8 :  0.010 0.003 0.922 0.032 0.033 
194    BIA02    (0)   11 :  0.002 0.992 0.002 0.002 0.002 
195    BIA20    (6)   11 :  0.003 0.981 0.009 0.004 0.003 
196    BIA26   (18)   11 :  0.002 0.990 0.003 0.002 0.002 
197    BIA29   (37)   11 :  0.002 0.990 0.003 0.002 0.002 
198    BIA43   (37)   11 :  0.002 0.990 0.003 0.002 0.002 
199    BIA47    (0)   11 :  0.002 0.992 0.002 0.002 0.002 
200   BKF001    (0)   129 :  0.009 0.959 0.011 0.013 0.009 
201   BKF002    (0)   129 :  0.006 0.947 0.032 0.007 0.007 
202   BKF003    (0)   129 :  0.002 0.991 0.002 0.002 0.002 
203   BKF004    (0)   129 :  0.011 0.945 0.021 0.010 0.014 
204   BKF005    (0)   129 :  0.009 0.939 0.040 0.007 0.005 
205   BKF006    (6)   129 :  0.014 0.907 0.064 0.010 0.006 
206   BKF007    (6)   129 :  0.017 0.942 0.014 0.016 0.012 
207   BKF008   (25)   129 :  0.004 0.983 0.005 0.004 0.004 
208   BKF009   (18)   129 :  0.004 0.937 0.047 0.009 0.003 
209   BKF011   (18)   129 :  0.006 0.978 0.005 0.005 0.005 
210   BKF012    (6)   129 :  0.003 0.986 0.004 0.004 0.003 
211   BKF014    (0)   129 :  0.011 0.875 0.073 0.027 0.014 
212   BKF017    (0)   118 :  0.015 0.902 0.057 0.010 0.017 
213   BKF021   (37)   118 :  0.007 0.968 0.008 0.007 0.009 
214   BKF038    (0)   118 :  0.004 0.985 0.004 0.004 0.004 
215   BKF050   (18)   118 :  0.021 0.928 0.011 0.026 0.015 
216   BKF053   (12)   118 :  0.002 0.992 0.002 0.002 0.002 
217   BKF054    (6)   118 :  0.002 0.991 0.002 0.002 0.002 
218   BKF057    (0)   118 :  0.002 0.992 0.002 0.002 0.002 
219   BKF058   (31)   118 :  0.013 0.943 0.010 0.012 0.023 
220   BKF059    (0)   118 :  0.008 0.964 0.014 0.008 0.007 
221   BKF061   (12)   118 :  0.002 0.991 0.003 0.002 0.002 
222   BKF062    (6)   118 :  0.011 0.962 0.007 0.009 0.012 
223   BKF066    (0)   118 :  0.059 0.806 0.028 0.079 0.027 
224   BKF072    (0)   118 :  0.004 0.981 0.007 0.004 0.004 
225   BKF074    (6)   118 :  0.002 0.992 0.002 0.002 0.002 
226   BKF075   (37)   118 :  0.008 0.964 0.009 0.009 0.009 
227   BKF076   (25)   118 :  0.002 0.992 0.002 0.002 0.002 
228   BKF077    (0)   118 :  0.002 0.989 0.004 0.003 0.002 
229   BKF084    (0)   118 :  0.018 0.901 0.042 0.020 0.019 
230   BKF087    (6)   118 :  0.009 0.799 0.160 0.014 0.018 
231   BKF089    (0)   118 :  0.026 0.867 0.024 0.043 0.041 
232   BKF090    (6)   118 :  0.008 0.937 0.030 0.013 0.012 
233   BKF092    (0)   118 :  0.074 0.827 0.055 0.026 0.018 
234   BKF093   (37)   118 :  0.010 0.965 0.009 0.006 0.010 
235   BKF094   (18)   118 :  0.003 0.989 0.003 0.003 0.003 
236   BKF097    (6)   118 :  0.006 0.977 0.004 0.007 0.006 
237   BKF102    (6)   118 :  0.002 0.990 0.003 0.002 0.002 
238   BKF108   (12)   118 :  0.003 0.987 0.004 0.003 0.003 
239   BKF110   (18)   118 :  0.002 0.991 0.003 0.002 0.002 
240   BKF112   (25)   118 :  0.099 0.697 0.172 0.026 0.006 
241   BKF114    (6)   118 :  0.003 0.990 0.002 0.002 0.003 
242   BKF115    (0)   126 :  0.010 0.976 0.008 0.002 0.004 
243   BKF116   (12)   126 :  0.003 0.988 0.002 0.003 0.003 
244 BKF117-BKF1    (0)   126 :  0.009 0.972 0.007 0.006 0.006 
245 BKF119-BKF1    (0)   126 :  0.001 0.994 0.001 0.002 0.002 
246   BKF120   (12)   126 :  0.022 0.889 0.058 0.011 0.020 
247 BKF122-BKF1    (0)   126 :  0.002 0.992 0.002 0.002 0.002 
248 BKF123-BKF1    (0)   126 :  0.011 0.961 0.008 0.008 0.012 
249   BKF124    (0)   126 :  0.003 0.987 0.003 0.003 0.003 
250   BKF125    (0)   126 :  0.002 0.992 0.002 0.002 0.002 
251 BKF126-BKF1    (0)   126 :  0.006 0.975 0.007 0.006 0.005 
252   BKF127    (6)   126 :  0.002 0.990 0.003 0.002 0.003 
253   BKF129    (6)   126 :  0.003 0.990 0.002 0.003 0.003 
254   BKF130    (0)   126 :  0.003 0.988 0.002 0.003 0.003 
255 BKF131-BKF1    (6)   126 :  0.006 0.972 0.007 0.009 0.007 
256   BKF136    (6)   126 :  0.005 0.977 0.006 0.005 0.006 
257   BKF137    (0)   126 :  0.002 0.993 0.002 0.002 0.002 
258   BKF138    (0)   126 :  0.002 0.993 0.002 0.002 0.002 
259 BKF140-BKF1    (0)   126 :  0.002 0.989 0.004 0.002 0.002 
260   BKF141   (18)   126 :  0.002 0.990 0.002 0.003 0.003 
261 BKF142-BKF1    (0)   126 :  0.002 0.992 0.002 0.002 0.002 
262   BKF144   (12)   126 :  0.005 0.976 0.006 0.006 0.008 
263   BKF146    (0)   126 :  0.002 0.993 0.001 0.002 0.002 
264 BKF148-BKF1    (6)   126 :  0.002 0.991 0.002 0.002 0.003 
265   BKF149    (0)   126 :  0.002 0.991 0.002 0.002 0.002 
266   BKF151    (0)   126 :  0.004 0.987 0.003 0.003 0.004 
267   BKF152    (0)   126 :  0.002 0.993 0.002 0.002 0.002 
268   BKF154    (0)   126 :  0.002 0.992 0.002 0.002 0.002 
269   BKF155    (0)   126 :  0.002 0.993 0.002 0.002 0.002 
270   BKF156   (12)   126 :  0.003 0.991 0.002 0.002 0.002 
271   BKF157    (6)   126 :  0.002 0.993 0.001 0.002 0.002 
272   BKF160   (12)   126 :  0.002 0.992 0.002 0.002 0.002 
273   BKF162   (12)   126 :  0.004 0.980 0.008 0.004 0.004 
274   BKF163   (12)   126 :  0.004 0.985 0.004 0.003 0.004 
275 BKF164-BKF1    (0)   126 :  0.003 0.989 0.002 0.003 0.003 
276 BKF165-BKF1    (6)   126 :  0.005 0.984 0.003 0.003 0.005 
277   BKF166    (6)   126 :  0.012 0.948 0.013 0.012 0.015 
278   BKF167    (0)   126 :  0.008 0.967 0.009 0.008 0.008 
279 BKF168-BKF1    (6)   126 :  0.010 0.966 0.006 0.008 0.011 
280   BKF171    (0)   126 :  0.002 0.993 0.002 0.002 0.002 
281   BKF172   (31)   126 :  0.006 0.975 0.010 0.005 0.005 
282 BKF173-BKF1   (12)   126 :  0.003 0.990 0.003 0.002 0.003 
283   BKF174   (18)   126 :  0.006 0.981 0.004 0.004 0.005 
284   BKF175   (12)   126 :  0.003 0.988 0.004 0.003 0.003 
285   BKF177    (6)   126 :  0.004 0.988 0.002 0.003 0.004 
286 BKF178-BKF1    (0)   126 :  0.002 0.991 0.002 0.002 0.002 
287 BKF179-BKF1    (6)   126 :  0.003 0.990 0.002 0.002 0.002 
288   BKF180   (25)   126 :  0.003 0.990 0.003 0.002 0.002 
289   BKF182   (25)   126 :  0.002 0.992 0.002 0.002 0.002 
290   BKF184    (6)   126 :  0.002 0.991 0.003 0.002 0.002 
291   BKF185   (18)   126 :  0.009 0.954 0.013 0.011 0.013 
292   BKF186   (18)   126 :  0.004 0.984 0.005 0.003 0.004 
293   BKF197   (25)   126 :  0.005 0.982 0.004 0.006 0.004 
294   BKF198   (18)   118 :  0.003 0.987 0.003 0.003 0.003 
295   BKF199    (0)   118 :  0.008 0.968 0.009 0.007 0.008 
296   BKF200   (25)   118 :  0.004 0.982 0.004 0.005 0.006 
297   BKF201   (12)   118 :  0.003 0.985 0.006 0.004 0.003 
298   BKF202   (18)   118 :  0.002 0.989 0.004 0.002 0.002 
299   BKF203   (37)   118 :  0.008 0.973 0.007 0.006 0.006 
300   BKF204   (25)   118 :  0.003 0.988 0.003 0.003 0.002 
301   BKF206   (12)   118 :  0.016 0.938 0.009 0.021 0.016 
302   BKF207   (12)   118 :  0.003 0.982 0.006 0.004 0.004 
303   BKF208   (18)   127 :  0.007 0.966 0.009 0.008 0.010 
304   BKF209    (0)   127 :  0.013 0.893 0.040 0.021 0.033 
305   BKF210    (0)   127 :  0.004 0.982 0.004 0.004 0.006 
306   BKF214    (0)   127 :  0.002 0.993 0.002 0.002 0.002 
307   BKF216   (18)   127 :  0.050 0.570 0.016 0.112 0.252 
308   BKF217    (6)   127 :  0.003 0.988 0.003 0.003 0.003 
309   BKF218   (18)   127 :  0.002 0.991 0.002 0.002 0.002 
310   BKF222    (0)   129 :  0.002 0.989 0.003 0.003 0.003 
311   BKF223    (6)   126 :  0.003 0.988 0.004 0.003 0.003 
312   BKF224    (6)   126 :  0.013 0.941 0.019 0.013 0.013 
313   BKF225    (6)   126 :  0.002 0.992 0.002 0.002 0.002 
314 BKF228-BKF2    (6)   126 :  0.006 0.968 0.016 0.005 0.005 
315   BKF229    (0)   126 :  0.002 0.992 0.002 0.002 0.002 
316   BKF230    (6)   126 :  0.002 0.993 0.002 0.002 0.002 
317   BKF235    (6)   126 :  0.002 0.992 0.002 0.002 0.002 
318   BKF236    (6)   126 :  0.002 0.992 0.002 0.002 0.002 
319   BKF239    (6)   126 :  0.002 0.991 0.002 0.002 0.003 
320    BMB19   (12)   13 :  0.015 0.955 0.012 0.009 0.009 
321    BMB23   (31)   13 :  0.003 0.987 0.004 0.004 0.003 
322    BMB34   (37)   13 :  0.004 0.986 0.003 0.004 0.004 
323    BMB41   (18)   13 :  0.002 0.992 0.003 0.002 0.002 
324    BMB44   (18)   13 :  0.003 0.987 0.004 0.003 0.003 
325   BWA001   (18)   151 :  0.044 0.002 0.019 0.022 0.913 
326   BWA004   (25)   151 :  0.039 0.003 0.008 0.313 0.637 
327   BWA006   (12)   151 :  0.055 0.004 0.013 0.786 0.142 
328   BWA009    (6)   151 :  0.240 0.007 0.025 0.050 0.678 
329   BWA010   (18)   151 :  0.173 0.003 0.352 0.328 0.144 
330   BWA013    (0)   151 :  0.007 0.002 0.057 0.013 0.920 
331   BWA014    (0)   151 :  0.010 0.002 0.019 0.011 0.958 
332   BWA017    (0)   151 :  0.012 0.002 0.007 0.012 0.967 
333   BWA018    (0)   151 :  0.024 0.002 0.007 0.006 0.960 
334   BWA019    (0)   151 :  0.573 0.002 0.022 0.093 0.310 
335 CAM01-CAM07    (6)   125 :  0.003 0.988 0.003 0.002 0.004 
336    CAM02    (6)   125 :  0.004 0.986 0.004 0.004 0.003 
337    CAM03    (6)   125 :  0.002 0.992 0.002 0.002 0.002 
338    CAM05   (18)   125 :  0.003 0.988 0.003 0.003 0.003 
339    CAM06   (18)   125 :  0.003 0.988 0.002 0.004 0.003 
340    CAM09   (12)   125 :  0.002 0.992 0.002 0.002 0.002 
341    CAM10    (6)   125 :  0.004 0.985 0.004 0.004 0.003 
342    CAM11   (12)   125 :  0.003 0.985 0.004 0.004 0.003 
343    CAM16   (12)   125 :  0.002 0.990 0.002 0.003 0.002 
344    CAM19    (6)   125 :  0.002 0.991 0.002 0.003 0.002 
345    CAM21   (25)   125 :  0.003 0.987 0.004 0.003 0.003 
346    CAM27   (31)   125 :  0.005 0.981 0.005 0.004 0.005 
347    CAM28   (25)   125 :  0.005 0.981 0.004 0.004 0.006 
348 CAM30-GAB77    (6)   125 :  0.002 0.990 0.002 0.003 0.002 
349    CAM33    (6)   13 :  0.002 0.991 0.003 0.002 0.002 
350    CAR02   (37)   57 :  0.007 0.969 0.010 0.008 0.006 
351 CAR03-CAR14    (0)   57 :  0.088 0.632 0.053 0.216 0.011 
352 CAR05-CAR16    (0)   57 :  0.008 0.958 0.018 0.010 0.005 
353   CAR056   (25)   156 :  0.003 0.988 0.003 0.003 0.003 
354 CAR08-CAR20    (0)   57 :  0.011 0.916 0.037 0.015 0.021 
355 CAR10-CAR19    (0)   57 :  0.089 0.620 0.064 0.212 0.014 
356    CAR40   (31)   57 :  0.034 0.302 0.609 0.039 0.015 
357   CH0878    (0)   27 :  0.011 0.002 0.011 0.014 0.963 
358   CH0879    (0)   27 :  0.010 0.002 0.012 0.009 0.967 
359   CH0880    (0)   27 :  0.260 0.002 0.006 0.016 0.717 
360   CH0881    (0)   27 :  0.044 0.002 0.003 0.013 0.938 
361   CH0882    (0)   27 :  0.602 0.002 0.005 0.064 0.327 
362   CH0883    (0)   27 :  0.011 0.002 0.012 0.013 0.962 
363   CH0884    (0)   27 :  0.040 0.003 0.006 0.242 0.708 
364   CH0885    (0)   27 :  0.556 0.002 0.008 0.393 0.041 
365   CH0886    (0)   27 :  0.656 0.002 0.013 0.039 0.290 
366   CH0888    (6)   27 :  0.115 0.002 0.009 0.007 0.867 
367   CH0890    (0)   27 :  0.016 0.002 0.018 0.037 0.926 
368   CH0891    (0)   27 :  0.025 0.003 0.023 0.037 0.912 
369   CH0892    (0)   27 :  0.045 0.002 0.005 0.009 0.939 
370   CH0893    (0)   27 :  0.087 0.004 0.122 0.206 0.580 
371   CH0894    (0)   27 :  0.122 0.002 0.006 0.024 0.845 
372   CH0895    (0)   27 :  0.103 0.002 0.005 0.017 0.873 
373   CH0897    (0)   27 :  0.045 0.002 0.014 0.023 0.916 
374   CH0898    (0)   27 :  0.034 0.002 0.006 0.014 0.944 
375   CH0899    (0)   27 :  0.136 0.002 0.011 0.011 0.839 
376   CH0900    (0)   27 :  0.214 0.002 0.035 0.056 0.693 
377   CH0906    (0)   27 :  0.042 0.004 0.015 0.023 0.915 
378   CH0907    (0)   27 :  0.014 0.002 0.041 0.028 0.915 
379   CH0908    (0)   27 :  0.172 0.003 0.035 0.025 0.765 
380   CH0931    (0)   27 :  0.052 0.002 0.017 0.032 0.898 
381   CH0932    (0)   27 :  0.009 0.003 0.007 0.005 0.976 
382   CH0934    (0)   27 :  0.242 0.003 0.039 0.233 0.483 
383   CH0935    (0)   27 :  0.014 0.002 0.008 0.010 0.966 
384   CH0952    (6)   27 :  0.595 0.003 0.045 0.020 0.338 
385   CH0953    (0)   27 :  0.813 0.003 0.009 0.017 0.159 
386   CH0954    (0)   27 :  0.069 0.003 0.306 0.104 0.518 
387   CH0955    (0)   27 :  0.017 0.002 0.004 0.011 0.965 
388   CH0957    (0)   27 :  0.009 0.002 0.006 0.009 0.974 
389   CH0958    (0)   27 :  0.155 0.002 0.029 0.209 0.605 
390   CH0959    (0)   27 :  0.006 0.002 0.006 0.006 0.980 
391   CH0960    (0)   27 :  0.025 0.002 0.010 0.010 0.953 
392   CH0961    (0)   27 :  0.337 0.002 0.016 0.128 0.517 
393   CH0962    (0)   27 :  0.310 0.002 0.023 0.017 0.649 
394   CH0963    (0)   27 :  0.096 0.004 0.011 0.051 0.838 
395   CH0964    (0)   27 :  0.315 0.002 0.014 0.285 0.384 
396   CH0965    (0)   27 :  0.022 0.002 0.006 0.014 0.956 
397   CH0966    (0)   27 :  0.042 0.002 0.104 0.034 0.819 
398   CH0967    (0)   27 :  0.012 0.002 0.012 0.011 0.963 
399   CH0968    (0)   27 :  0.014 0.002 0.018 0.012 0.954 
400   CH0969    (0)   27 :  0.555 0.002 0.008 0.214 0.221 
401   CH0970    (6)   27 :  0.323 0.003 0.298 0.082 0.294 
402    CHD01    (6)   46 :  0.029 0.047 0.775 0.062 0.086 
403    CHD02    (0)   46 :  0.016 0.002 0.933 0.043 0.006 
404    CHD03    (0)   46 :  0.007 0.002 0.980 0.007 0.006 
405    CHD04    (6)   46 :  0.106 0.002 0.668 0.156 0.068 
406    CHD05    (0)   46 :  0.023 0.006 0.947 0.008 0.016 
407    CHD06    (0)   46 :  0.005 0.001 0.982 0.005 0.005 
408    CHD07    (0)   46 :  0.014 0.003 0.953 0.023 0.007 
409    CHD08    (0)   46 :  0.011 0.003 0.962 0.013 0.011 
410    CHD09    (6)   46 :  0.013 0.003 0.861 0.115 0.010 
411    CHD10    (0)   46 :  0.025 0.002 0.924 0.023 0.026 
412    CHD11    (0)   46 :  0.025 0.002 0.840 0.123 0.009 
413    CHD12    (0)   46 :  0.007 0.002 0.971 0.012 0.008 
414    CHD13    (0)   46 :  0.224 0.002 0.592 0.132 0.050 
415    CHD14    (0)   46 :  0.005 0.002 0.984 0.005 0.004 
416    CHD15    (0)   46 :  0.012 0.002 0.957 0.019 0.010 
417    CHD16    (0)   46 :  0.058 0.002 0.869 0.055 0.015 
418    CHD17   (31)   46 :  0.038 0.002 0.930 0.022 0.008 
419    CHD18   (12)   46 :  0.028 0.002 0.852 0.088 0.031 
420    CHD19    (6)   46 :  0.007 0.002 0.967 0.016 0.007 
421    CHD20    (6)   46 :  0.006 0.006 0.972 0.010 0.006 
422    CHD21   (25)   46 :  0.017 0.003 0.956 0.013 0.012 
423    CHD22    (0)   46 :  0.011 0.002 0.970 0.011 0.007 
424    CHD23    (0)   46 :  0.006 0.002 0.983 0.005 0.004 
425    CHD25    (6)   46 :  0.011 0.002 0.947 0.033 0.006 
426    CHD26   (12)   46 :  0.006 0.002 0.980 0.006 0.006 
427    CHD27    (0)   46 :  0.005 0.006 0.980 0.005 0.004 
428    CHD28   (18)   46 :  0.072 0.002 0.675 0.222 0.029 
429    CHD29    (0)   46 :  0.178 0.002 0.361 0.441 0.018 
430    CHD30    (0)   46 :  0.013 0.008 0.952 0.008 0.019 
431    CHD32   (12)   46 :  0.010 0.002 0.965 0.013 0.010 
432    CHD33    (0)   46 :  0.008 0.002 0.959 0.023 0.008 
433 CHD34-CHD36    (0)   73 :  0.025 0.033 0.886 0.040 0.016 
434    CHD35    (0)   73 :  0.007 0.087 0.889 0.010 0.007 
435    CHD37    (6)   73 :  0.013 0.009 0.955 0.013 0.010 
436    CHD38   (12)   73 :  0.069 0.118 0.759 0.022 0.032 
437 CHD39-CHD62    (0)   73 :  0.005 0.002 0.977 0.011 0.005 
438    CHD40   (31)   73 :  0.014 0.003 0.964 0.010 0.009 
439    CHD41   (18)   73 :  0.014 0.002 0.962 0.010 0.012 
440 CHD44-CHD45    (0)   73 :  0.013 0.082 0.885 0.011 0.009 
441    CHD52   (25)   74 :  0.010 0.005 0.971 0.006 0.009 
442    CHD56   (31)   74 :  0.040 0.002 0.894 0.029 0.035 
443    CHD57   (18)   74 :  0.091 0.003 0.784 0.035 0.086 
444    CHD58   (37)   74 :  0.018 0.003 0.965 0.008 0.007 
445    CHD59   (12)   74 :  0.033 0.003 0.923 0.022 0.020 
446    CHD60    (6)   74 :  0.011 0.002 0.954 0.024 0.009 
447    CHD61   (12)   74 :  0.009 0.002 0.974 0.010 0.005 
448    CHD63    (0)   74 :  0.005 0.002 0.982 0.007 0.005 
449 CI001-CI004    (0)   138 :  0.008 0.963 0.004 0.020 0.006 
450    CI002    (0)   138 :  0.003 0.987 0.003 0.004 0.004 
451    CI003    (0)   138 :  0.003 0.985 0.004 0.004 0.004 
452    CI005    (6)   138 :  0.002 0.991 0.002 0.002 0.002 
453 CI006-CI010    (0)   138 :  0.002 0.988 0.002 0.004 0.003 
454    CI011    (0)   138 :  0.002 0.992 0.001 0.003 0.002 
455    CI012    (0)   138 :  0.002 0.993 0.002 0.002 0.002 
456    CI013    (0)   138 :  0.004 0.985 0.004 0.004 0.003 
457    CI014    (0)   138 :  0.002 0.992 0.002 0.002 0.002 
458 CI018-CI063    (0)   138 :  0.004 0.981 0.006 0.004 0.005 
459 CI025-CI028    (6)   138 :  0.002 0.993 0.002 0.002 0.002 
460 CI036-CI050    (0)   138 :  0.006 0.946 0.030 0.009 0.009 
461    CI041    (6)   138 :  0.002 0.992 0.002 0.002 0.002 
462    CI042    (6)   138 :  0.002 0.993 0.002 0.002 0.002 
463 CI044-CI058    (0)   138 :  0.007 0.975 0.005 0.007 0.007 
464    CI045    (0)   138 :  0.004 0.982 0.005 0.003 0.006 
465    CI046    (6)   138 :  0.007 0.974 0.006 0.007 0.006 
466    CI048    (0)   138 :  0.026 0.887 0.030 0.025 0.032 
467    CI049    (0)   138 :  0.003 0.988 0.003 0.003 0.003 
468    CI051    (0)   138 :  0.010 0.959 0.008 0.014 0.009 
469    CI052    (0)   138 :  0.003 0.986 0.004 0.003 0.004 
470    CI053   (12)   138 :  0.006 0.924 0.052 0.009 0.009 
471    CI055   (31)   138 :  0.009 0.967 0.009 0.008 0.007 
472    CI056    (0)   138 :  0.005 0.981 0.004 0.006 0.005 
473    CI057    (0)   138 :  0.002 0.991 0.002 0.002 0.002 
474    CI059   (12)   138 :  0.018 0.871 0.070 0.023 0.018 
475    CI071    (0)   138 :  0.003 0.988 0.004 0.002 0.004 
476    CI073    (0)   138 :  0.004 0.983 0.006 0.003 0.004 
477    CI076    (6)   138 :  0.002 0.992 0.002 0.002 0.002 
478    CI078   (12)   138 :  0.002 0.992 0.002 0.002 0.002 
479   CMR001    (6)   157 :  0.002 0.993 0.002 0.002 0.002 
480   CMR002    (0)   157 :  0.004 0.988 0.003 0.003 0.003 
481   CMR003    (6)   157 :  0.003 0.990 0.002 0.003 0.002 
482 CMR004-CMR0   (12)   157 :  0.024 0.907 0.021 0.028 0.020 
483 CMR005-CMR0    (6)   157 :  0.003 0.979 0.009 0.006 0.003 
484   CMR006    (6)   157 :  0.008 0.970 0.009 0.008 0.005 
485   CMR007    (6)    4 :  0.003 0.989 0.003 0.003 0.003 
486 CMR009-CMR0    (6)   125 :  0.004 0.986 0.003 0.004 0.003 
487   CMR010    (6)   125 :  0.005 0.982 0.003 0.005 0.006 
488 CMR012-CMR0    (6)   125 :  0.002 0.993 0.002 0.002 0.001 
489   CMR014   (12)   125 :  0.004 0.983 0.004 0.004 0.004 
490   CMR015   (12)   125 :  0.007 0.956 0.018 0.007 0.011 
491   CMR017    (0)   125 :  0.002 0.993 0.002 0.002 0.002 
492   CMR018   (25)   125 :  0.005 0.978 0.006 0.007 0.005 
493   CMR021    (0)   125 :  0.003 0.987 0.004 0.003 0.003 
494   CMR023   (18)   158 :  0.003 0.990 0.002 0.002 0.003 
495   CMR027    (0)   158 :  0.004 0.988 0.002 0.003 0.004 
496   CMR031    (6)   158 :  0.003 0.989 0.003 0.003 0.003 
497   CMR032    (0)   157 :  0.003 0.983 0.006 0.004 0.003 
498   CMR033    (6)   157 :  0.003 0.987 0.004 0.003 0.003 
499   CMR034    (0)   157 :  0.006 0.981 0.004 0.005 0.004 
500   CMR035    (6)   157 :  0.002 0.989 0.003 0.003 0.002 
501   CMR036    (0)   157 :  0.011 0.953 0.014 0.014 0.008 
502   CMR038    (6)   157 :  0.010 0.964 0.009 0.011 0.006 
503   CMR039    (0)   157 :  0.002 0.990 0.004 0.002 0.002 
504   CMR041    (6)    4 :  0.005 0.980 0.007 0.005 0.004 
505   CMR042   (18)    4 :  0.008 0.978 0.004 0.006 0.004 
506   CMR047    (6)    4 :  0.002 0.993 0.002 0.002 0.002 
507 CMR050-CMR0    (6)    4 :  0.005 0.983 0.005 0.004 0.003 
508   CMR052    (0)    4 :  0.006 0.978 0.003 0.007 0.006 
509   CMR053    (0)    4 :  0.002 0.992 0.002 0.002 0.002 
510   CMR054    (6)    4 :  0.003 0.986 0.005 0.004 0.003 
511   CMR055    (6)    4 :  0.002 0.993 0.002 0.002 0.002 
512   CMR057    (6)    4 :  0.017 0.878 0.033 0.046 0.025 
513   CMR058    (6)   157 :  0.004 0.987 0.004 0.004 0.002 
514   CMR059    (6)   157 :  0.003 0.989 0.002 0.003 0.003 
515   CMR061   (18)   157 :  0.008 0.979 0.003 0.004 0.006 
516   CMR062    (0)   157 :  0.005 0.982 0.004 0.006 0.004 
517   CMR063    (6)   157 :  0.005 0.980 0.005 0.006 0.005 
518   CMR064    (6)   157 :  0.002 0.991 0.002 0.003 0.002 
519   CMR065   (31)   157 :  0.009 0.968 0.006 0.010 0.007 
520   CMR071    (0)   157 :  0.003 0.990 0.002 0.002 0.003 
521   CMR072    (6)   157 :  0.003 0.990 0.002 0.002 0.003 
522 CMR073-CMR0    (6)   157 :  0.002 0.993 0.002 0.002 0.002 
523   CMR078    (6)   157 :  0.002 0.993 0.002 0.002 0.002 
524   CMR080    (6)   157 :  0.002 0.991 0.003 0.003 0.002 
525   CMR081   (12)   158 :  0.004 0.986 0.003 0.004 0.004 
526   CMR082    (6)    4 :  0.003 0.989 0.003 0.002 0.003 
527    CON01   (18)   102 :  0.004 0.983 0.003 0.007 0.003 
528 CON03-CON08    (6)   102 :  0.004 0.987 0.003 0.004 0.003 
529 CON05-CON09    (0)   102 :  0.002 0.992 0.002 0.002 0.002 
530    CON10    (0)   15 :  0.002 0.994 0.001 0.002 0.002 
531    CON11   (12)   15 :  0.006 0.979 0.003 0.004 0.007 
532    CON12    (6)   15 :  0.003 0.990 0.002 0.003 0.003 
533    CON13    (0)   15 :  0.021 0.910 0.025 0.028 0.016 
534    CON14    (0)   15 :  0.005 0.980 0.003 0.006 0.005 
535    CON15   (18)   15 :  0.003 0.989 0.002 0.003 0.003 
536    CON16   (12)   15 :  0.015 0.950 0.008 0.011 0.016 
537    CON17    (0)   15 :  0.017 0.931 0.018 0.016 0.018 
538    CON18    (6)   15 :  0.004 0.986 0.003 0.003 0.003 
539    CON19    (6)   15 :  0.009 0.975 0.003 0.005 0.009 
540    CON20   (37)   15 :  0.021 0.929 0.012 0.017 0.020 
541 CON21-CON26    (6)   15 :  0.005 0.974 0.009 0.006 0.005 
542    CON22    (6)   15 :  0.004 0.980 0.005 0.004 0.006 
543    CON23    (0)   15 :  0.003 0.989 0.004 0.002 0.002 
