

----------------------------------------------------
STRUCTURE by Pritchard, Stephens and Donnelly (2000)
     and Falush, Stephens and Pritchard (2003)
       Code by Pritchard, Falush and Hubisz
             Version 2.3.4 (Jul 2012)
----------------------------------------------------



Input File:    REFELE_5.32_structure.txt

Run parameters:
   2417 individuals
   16 loci
   4 populations assumed
   10000 Burn-in period
   20000 Reps


--------------------------------------------
Proportion of membership of each pre-defined
 population in each of the 4 clusters

Given    Inferred Clusters              Number of
 Pop       1      2      3      4      Individuals

  0:     0.993  0.003  0.002  0.002        1
  1:     0.006  0.865  0.040  0.090       56
  3:     0.007  0.333  0.043  0.617       29
  4:     0.980  0.007  0.006  0.007       18
  5:     0.004  0.364  0.029  0.603      147
  7:     0.003  0.092  0.109  0.796       17
  8:     0.042  0.021  0.878  0.060       17
  9:     0.003  0.132  0.103  0.762       73
 10:     0.012  0.407  0.249  0.332        3
 11:     0.992  0.003  0.003  0.003       18
 13:     0.987  0.004  0.005  0.004        6
 14:     0.004  0.811  0.064  0.121       22
 15:     0.965  0.013  0.011  0.011       97
 16:     0.003  0.126  0.056  0.814       72
 17:     0.883  0.034  0.045  0.038       41
 18:     0.003  0.103  0.060  0.834       21
 19:     0.006  0.015  0.953  0.026       20
 20:     0.002  0.880  0.013  0.105       94
 22:     0.988  0.004  0.004  0.004       12
 23:     0.038  0.638  0.085  0.238       14
 24:     0.004  0.196  0.199  0.601       36
 25:     0.004  0.650  0.044  0.301       16
 26:     0.979  0.007  0.006  0.007       17
 27:     0.002  0.864  0.034  0.100       62
 29:     0.003  0.643  0.022  0.332       18
 30:     0.003  0.683  0.015  0.300        9
 31:     0.002  0.744  0.031  0.224       26
 32:     0.004  0.728  0.027  0.241       17
 33:     0.002  0.668  0.018  0.312       10
 34:     0.003  0.463  0.073  0.461       21
 35:     0.984  0.004  0.006  0.006        3
 38:     0.992  0.003  0.002  0.003        7
 40:     0.004  0.420  0.057  0.519       60
 41:     0.015  0.008  0.968  0.009       16
 42:     0.005  0.250  0.019  0.727       32
 44:     0.960  0.009  0.017  0.013        9
 46:     0.004  0.014  0.921  0.061       31
 47:     0.991  0.003  0.003  0.003       19
 48:     0.004  0.489  0.027  0.480       26
 49:     0.002  0.501  0.019  0.478       18
 50:     0.967  0.016  0.010  0.006       14
 51:     0.971  0.010  0.008  0.011       30
 53:     0.003  0.226  0.031  0.740       11
 57:     0.739  0.022  0.126  0.113        6
 61:     0.008  0.424  0.047  0.521       12
 62:     0.730  0.088  0.095  0.087       11
 64:     0.003  0.302  0.071  0.623        9
 66:     0.147  0.182  0.241  0.430       85
 67:     0.016  0.104  0.601  0.280       36
 69:     0.005  0.111  0.658  0.226       17
 72:     0.007  0.654  0.078  0.261        7
 73:     0.044  0.013  0.926  0.017        8
 74:     0.003  0.017  0.963  0.017        8
 76:     0.843  0.014  0.106  0.037        1
 77:     0.985  0.005  0.005  0.005       10
 80:     0.003  0.643  0.088  0.266       13
 84:     0.947  0.021  0.010  0.022        9
 89:     0.955  0.018  0.013  0.014       13
 96:     0.003  0.053  0.759  0.184       31
 97:     0.371  0.114  0.152  0.364       69
102:     0.984  0.004  0.008  0.004       37
106:     0.003  0.094  0.113  0.790        3
107:     0.986  0.005  0.005  0.005       24
109:     0.004  0.375  0.036  0.585       19
110:     0.002  0.412  0.016  0.571       23
112:     0.034  0.005  0.955  0.006       33
113:     0.053  0.683  0.025  0.238        3
114:     0.005  0.191  0.248  0.556       15
115:     0.002  0.080  0.032  0.887        4
116:     0.004  0.217  0.044  0.736       39
117:     0.004  0.017  0.021  0.958        1
118:     0.962  0.009  0.016  0.013       85
119:     0.003  0.095  0.723  0.179        7
120:     0.003  0.052  0.822  0.124       18
121:     0.006  0.348  0.028  0.618        8
122:     0.706  0.041  0.107  0.146       16
123:     0.805  0.085  0.028  0.081       10
124:     0.989  0.003  0.004  0.003       12
125:     0.989  0.004  0.004  0.003       22
126:     0.987  0.004  0.005  0.004       61
127:     0.918  0.044  0.012  0.026        7
129:     0.948  0.017  0.023  0.012       32
131:     0.710  0.129  0.032  0.129        1
132:     0.327  0.056  0.392  0.226        3
134:     0.963  0.012  0.013  0.012        3
136:     0.002  0.124  0.026  0.847       30
137:     0.009  0.840  0.029  0.121       23
138:     0.979  0.006  0.010  0.006       30
139:     0.003  0.693  0.040  0.264        4
140:     0.002  0.895  0.018  0.085       11
141:     0.006  0.086  0.753  0.155       10
142:     0.002  0.370  0.062  0.566        2
143:     0.003  0.935  0.016  0.046        4
144:     0.198  0.127  0.190  0.486       17
145:     0.266  0.247  0.179  0.308        7
146:     0.003  0.045  0.914  0.038        5
147:     0.003  0.124  0.160  0.713       11
149:     0.007  0.100  0.793  0.100        1
150:     0.003  0.707  0.046  0.244       66
151:     0.003  0.801  0.055  0.141       16
152:     0.003  0.926  0.027  0.045       13
153:     0.002  0.882  0.007  0.109        3
154:     0.008  0.113  0.015  0.864        4
155:     0.010  0.302  0.026  0.662        1
156:     0.991  0.003  0.003  0.003        1
157:     0.985  0.005  0.005  0.005       25
158:     0.991  0.003  0.002  0.003        4
159:     0.003  0.129  0.106  0.762        4
160:     0.003  0.244  0.212  0.541        8
--------------------------------------------

Allele-freq. divergence among pops (Net nucleotide distance),
computed using point estimates of P.

      1       2       3       4      
 1      -    0.2145  0.2179  0.1996  
 2   0.2145     -    0.0466  0.0115  
 3   0.2179  0.0466     -    0.0359  
 4   0.1996  0.0115  0.0359     -    

Average distances (expected heterozygosity) between individuals in same cluster:
cluster  1  : 0.8263 
cluster  2  : 0.6177 
cluster  3  : 0.6141 
cluster  4  : 0.6420 

--------------------------------------------
Estimated Ln Prob of Data   = -118556.5
Mean value of ln likelihood = -117706.0
Variance of ln likelihood   = 1701.0
Mean value of alpha         = 0.0396

Mean value of Fst_1         = 0.0743
Mean value of Fst_2         = 0.2375
Mean value of Fst_3         = 0.2171
Mean value of Fst_4         = 0.2296


Inferred ancestry of individuals:
        Label (%Miss) Pop:  Inferred clusters
  1   AB4521    (6)    7 :  0.005 0.336 0.076 0.583 
  2   AB4522    (0)    7 :  0.002 0.097 0.006 0.894 
  3   AB4523    (0)    7 :  0.002 0.012 0.036 0.949 
  4   AB4524    (0)    7 :  0.002 0.035 0.005 0.958 
  5   AB4525    (0)    7 :  0.002 0.067 0.040 0.891 
  6   AB4526    (0)    7 :  0.002 0.025 0.043 0.930 
  7   AB4527    (0)    7 :  0.002 0.179 0.028 0.791 
  8   AB4528    (0)    7 :  0.002 0.027 0.457 0.514 
  9   AB4529    (0)    7 :  0.002 0.020 0.009 0.970 
 10   AB4530    (0)    7 :  0.002 0.299 0.218 0.481 
 11   AB4531    (0)    7 :  0.002 0.023 0.397 0.578 
 12   AB4532    (0)    7 :  0.004 0.008 0.054 0.934 
 13   AB4533    (0)    7 :  0.002 0.132 0.206 0.659 
 14   AB4534    (0)    7 :  0.006 0.151 0.161 0.681 
 15   AB4535    (0)    7 :  0.003 0.047 0.032 0.918 
 16   AB4541    (0)    7 :  0.002 0.103 0.067 0.828 
 17   AB4542    (0)    7 :  0.002 0.008 0.012 0.978 
 18   AM0001    (0)   16 :  0.003 0.373 0.093 0.531 
 19   AM0002    (0)   16 :  0.003 0.069 0.023 0.906 
 20   AM0003    (0)   16 :  0.002 0.688 0.024 0.285 
 21   AM0004    (0)   16 :  0.003 0.011 0.086 0.901 
 22   AM0005    (0)   16 :  0.005 0.007 0.013 0.975 
 23   AM0006    (0)   16 :  0.002 0.032 0.022 0.943 
 24   AM0007    (0)   16 :  0.002 0.047 0.011 0.939 
 25   AM0008    (0)   16 :  0.002 0.063 0.019 0.916 
 26   AM0011    (0)   16 :  0.002 0.047 0.067 0.884 
 27   AM0012    (0)   16 :  0.003 0.050 0.049 0.898 
 28   AM0013    (0)   16 :  0.002 0.119 0.022 0.858 
 29   AM0014    (0)   16 :  0.002 0.062 0.011 0.925 
 30   AM0015    (0)   16 :  0.002 0.203 0.013 0.782 
 31   AM0016    (0)   16 :  0.002 0.062 0.083 0.854 
 32   AM0017    (0)   16 :  0.002 0.016 0.061 0.921 
 33   AM0018    (0)   16 :  0.002 0.850 0.006 0.143 
 34   AM0019    (0)   16 :  0.002 0.022 0.026 0.949 
 35   AM0020    (0)   16 :  0.002 0.049 0.019 0.931 
 36   AM0021    (0)   16 :  0.004 0.080 0.011 0.904 
 37   AM0022    (0)   16 :  0.002 0.030 0.013 0.956 
 38   AM0023    (0)   16 :  0.002 0.126 0.005 0.867 
 39   AM0024    (0)   16 :  0.003 0.318 0.009 0.671 
 40   AM0025    (0)   16 :  0.002 0.079 0.063 0.856 
 41   AM0026    (0)   16 :  0.002 0.145 0.065 0.788 
 42   AM0027    (0)   16 :  0.003 0.072 0.015 0.911 
 43   AM0028    (0)   16 :  0.002 0.014 0.007 0.976 
 44   AM0029    (0)   16 :  0.002 0.039 0.030 0.929 
 45   AM0030    (0)   16 :  0.002 0.155 0.017 0.826 
 46   AM0031    (0)   16 :  0.003 0.027 0.360 0.610 
 47   AM0032    (0)   16 :  0.003 0.036 0.011 0.950 
 48   AM0033    (0)   16 :  0.002 0.009 0.017 0.972 
 49   AM0034    (0)   16 :  0.006 0.167 0.019 0.808 
 50   AM0035    (0)   16 :  0.002 0.523 0.018 0.456 
 51   AM0036    (0)   16 :  0.004 0.019 0.017 0.960 
 52   AM0037    (0)   16 :  0.002 0.012 0.021 0.965 
 53   AM0038    (0)   16 :  0.002 0.011 0.012 0.974 
 54   AM4551    (0)   16 :  0.002 0.103 0.015 0.881 
 55   AM4552    (0)   16 :  0.002 0.010 0.008 0.981 
 56   AM4553    (0)   16 :  0.007 0.012 0.875 0.106 
 57   AM4554    (0)   16 :  0.002 0.015 0.014 0.969 
 58   AM4555    (0)   16 :  0.004 0.465 0.014 0.517 
 59   AM4557    (0)   16 :  0.005 0.019 0.097 0.879 
 60   AM4558    (0)   16 :  0.002 0.035 0.343 0.619 
 61   AM4559    (0)   16 :  0.002 0.271 0.039 0.687 
 62   AM4560    (0)   16 :  0.002 0.592 0.108 0.299 
 63   AM4561    (0)   16 :  0.003 0.051 0.151 0.795 
 64   AM4562   (25)   16 :  0.006 0.022 0.009 0.963 
 65   AM4563   (12)   16 :  0.005 0.021 0.026 0.949 
 66   AM4564    (0)   16 :  0.002 0.058 0.017 0.923 
 67   AM4565    (0)   16 :  0.004 0.072 0.009 0.916 
 68   AM4566    (0)   16 :  0.002 0.026 0.084 0.888 
 69   AM4567    (0)   16 :  0.002 0.021 0.014 0.963 
 70   AM4568    (0)   16 :  0.003 0.050 0.018 0.929 
 71   AM4569    (0)   16 :  0.003 0.525 0.109 0.363 
 72   AM4570    (6)   16 :  0.002 0.011 0.007 0.979 
 73   AM4571    (0)   16 :  0.002 0.011 0.012 0.975 
 74   AM4573    (0)   16 :  0.002 0.006 0.029 0.962 
 75   AM4574    (0)   16 :  0.003 0.007 0.018 0.972 
 76   AM4575    (0)   16 :  0.003 0.026 0.029 0.942 
 77   AM4576    (0)   16 :  0.006 0.010 0.015 0.968 
 78   AM4577    (0)   16 :  0.003 0.149 0.011 0.837 
 79   AM4578    (0)   16 :  0.002 0.246 0.047 0.705 
 80   AM4579    (0)   16 :  0.004 0.006 0.017 0.973 
 81   AM4580    (0)   16 :  0.005 0.011 0.012 0.972 
 82   AM4581    (0)   16 :  0.002 0.826 0.010 0.163 
 83   AM4582    (0)   16 :  0.002 0.371 0.031 0.596 
 84   AM4583   (31)   16 :  0.004 0.010 0.014 0.972 
 85   AM4584    (0)   16 :  0.002 0.119 0.052 0.827 
 86   AM4585    (0)   16 :  0.002 0.009 0.014 0.975 
 87   AM4587    (0)   16 :  0.004 0.237 0.418 0.341 
 88    ANG05   (18)   35 :  0.987 0.004 0.004 0.005 
 89 ANG07-ANG15   (18)   35 :  0.992 0.002 0.003 0.003 
 90 ANG08-ANG26   (12)   35 :  0.973 0.006 0.011 0.010 
 91    ANG30   (12)   151 :  0.002 0.904 0.008 0.086 
 92    ANG32    (0)   151 :  0.002 0.968 0.013 0.018 
 93    ANG33    (6)   151 :  0.003 0.974 0.010 0.014 
 94    ANG34    (0)   152 :  0.004 0.938 0.013 0.044 
 95 ANG35-ANG36    (0)   152 :  0.002 0.976 0.005 0.017 
 96    ANG37   (25)   152 :  0.003 0.971 0.015 0.011 
 97    ANG38    (6)   152 :  0.002 0.929 0.007 0.062 
 98    ANG39   (12)   152 :  0.002 0.979 0.010 0.009 
 99    ANG40   (25)   152 :  0.004 0.933 0.026 0.037 
100    ANG42    (0)   151 :  0.002 0.974 0.008 0.016 
101    ANG43    (0)   151 :  0.002 0.973 0.016 0.009 
102    ANG44    (0)   151 :  0.002 0.980 0.005 0.013 
103    ANG47    (6)   152 :  0.003 0.980 0.007 0.011 
104    ANG49    (0)   152 :  0.002 0.939 0.010 0.048 
105    ANG50   (25)   152 :  0.003 0.532 0.214 0.251 
106    ANG53    (6)   152 :  0.002 0.980 0.006 0.012 
107    ANG54   (12)   152 :  0.002 0.964 0.010 0.025 
108    ANG55   (12)   152 :  0.004 0.959 0.019 0.018 
109    ANG56    (6)   152 :  0.003 0.955 0.007 0.034 
110    ANG57    (6)   27 :  0.002 0.963 0.014 0.021 
111    ANG58    (0)   27 :  0.002 0.971 0.011 0.015 
112   BE4035    (0)    8 :  0.003 0.005 0.984 0.008 
113   BE4036    (0)    8 :  0.002 0.009 0.976 0.013 
114   BE4037    (0)    8 :  0.125 0.015 0.826 0.034 
115   BE4038    (6)    8 :  0.004 0.020 0.907 0.070 
116   BE4039    (0)    8 :  0.099 0.020 0.865 0.016 
117   BE4053    (0)    8 :  0.048 0.005 0.942 0.005 
118   BE4055    (0)    8 :  0.045 0.132 0.109 0.714 
119   BE4056    (0)    8 :  0.001 0.003 0.992 0.004 
120   BE4057    (0)    8 :  0.064 0.013 0.910 0.014 
121   BE4058    (0)    8 :  0.002 0.005 0.980 0.013 
122   BE4059    (0)    8 :  0.003 0.009 0.977 0.011 
123   BEN009   (31)   118 :  0.988 0.003 0.005 0.004 
124   BEN011    (6)   118 :  0.968 0.011 0.010 0.011 
125 BEN014-BEN1    (0)   118 :  0.995 0.002 0.002 0.002 
126   BEN015    (0)   118 :  0.923 0.032 0.014 0.032 
127   BEN016    (0)   118 :  0.976 0.009 0.010 0.006 
128   BEN018    (6)   118 :  0.946 0.015 0.027 0.013 
129   BEN020    (0)   118 :  0.921 0.020 0.040 0.019 
130   BEN021    (6)   118 :  0.984 0.006 0.005 0.005 
131   BEN022    (0)   118 :  0.994 0.002 0.002 0.002 
132   BEN028   (31)   118 :  0.988 0.003 0.005 0.004 
133   BEN029    (0)   118 :  0.995 0.002 0.002 0.002 
134   BEN030    (0)   118 :  0.981 0.005 0.007 0.007 
135   BEN032   (18)   118 :  0.994 0.002 0.002 0.002 
136   BEN037    (0)   118 :  0.994 0.002 0.002 0.002 
137   BEN042    (0)   118 :  0.993 0.002 0.002 0.002 
138   BEN043   (12)   118 :  0.993 0.002 0.002 0.002 
139   BEN044    (0)   118 :  0.978 0.006 0.007 0.009 
140 BEN045-BKF0    (0)   118 :  0.992 0.002 0.003 0.003 
141   BEN046    (6)   118 :  0.994 0.002 0.002 0.002 
142 BEN048-BKF0    (6)   118 :  0.994 0.002 0.002 0.002 
143   BEN050    (0)   118 :  0.966 0.003 0.027 0.004 
144   BEN051    (0)   118 :  0.992 0.002 0.003 0.003 
145   BEN052    (0)   118 :  0.978 0.009 0.008 0.006 
146   BEN053    (0)   118 :  0.991 0.003 0.003 0.004 
147   BEN054   (12)   118 :  0.982 0.006 0.005 0.007 
148   BEN056   (37)   118 :  0.991 0.002 0.003 0.003 
149   BEN058    (0)   118 :  0.995 0.002 0.001 0.002 
150   BEN061   (25)   129 :  0.963 0.013 0.009 0.016 
151 BEN065-BEN0    (6)   129 :  0.982 0.006 0.006 0.006 
152 BEN072-BEN0    (0)   129 :  0.985 0.005 0.004 0.007 
153   BEN074    (6)   129 :  0.990 0.003 0.004 0.003 
154 BEN076-BEN1    (0)   129 :  0.774 0.070 0.127 0.029 
155   BEN089    (6)   129 :  0.991 0.002 0.004 0.003 
156 BEN090-BEN0    (0)   129 :  0.931 0.026 0.017 0.026 
157 BEN093-BEN0    (0)   129 :  0.939 0.018 0.024 0.019 
158 BEN097-BEN1    (0)   129 :  0.980 0.006 0.006 0.008 
159 BEN099-BEN1    (6)   129 :  0.978 0.004 0.013 0.005 
160     BEN1    (6)    8 :  0.004 0.013 0.968 0.015 
161    BEN10   (12)    8 :  0.280 0.010 0.702 0.008 
162 BEN100-BEN1    (0)   129 :  0.951 0.017 0.011 0.021 
163   BEN103    (0)   129 :  0.995 0.002 0.001 0.002 
164   BEN104   (25)   129 :  0.624 0.202 0.107 0.066 
165   BEN123   (18)   129 :  0.969 0.014 0.008 0.010 
166   BEN128   (43)   129 :  0.993 0.002 0.003 0.002 
167   BEN129   (18)   129 :  0.915 0.031 0.022 0.032 
168   BEN134    (0)   129 :  0.947 0.005 0.043 0.005 
169 BEN139-BEN1    (0)   129 :  0.993 0.002 0.003 0.002 
170    BEN14    (0)    8 :  0.006 0.061 0.880 0.052 
171   BEN146    (0)   129 :  0.936 0.016 0.023 0.025 
172   BEN147    (0)   118 :  0.923 0.023 0.033 0.022 
173   BEN148    (0)   118 :  0.978 0.009 0.007 0.006 
174   BEN149    (6)   118 :  0.960 0.017 0.009 0.014 
175   BEN150    (0)   118 :  0.994 0.002 0.002 0.002 
176   BEN151    (0)   118 :  0.995 0.002 0.002 0.002 
177   BEN152    (0)   118 :  0.992 0.003 0.002 0.003 
178   BEN153    (0)   118 :  0.891 0.014 0.081 0.014 
179   BEN154    (6)   118 :  0.994 0.002 0.002 0.002 
180   BEN159    (6)   118 :  0.912 0.018 0.047 0.024 
181   BEN163    (0)   118 :  0.993 0.002 0.002 0.002 
182   BEN165   (25)   118 :  0.897 0.017 0.047 0.040 
183   BEN168   (12)   118 :  0.988 0.004 0.004 0.003 
184   BEN169   (31)   118 :  0.980 0.009 0.005 0.007 
185   BEN172   (31)   118 :  0.585 0.057 0.032 0.326 
186   BEN176    (0)   118 :  0.995 0.002 0.001 0.002 
187   BEN182    (0)   118 :  0.994 0.002 0.002 0.002 
188   BEN183    (6)   118 :  0.995 0.002 0.001 0.002 
189   BEN184    (0)   118 :  0.916 0.030 0.029 0.025 
190   BEN187    (0)   118 :  0.995 0.001 0.002 0.002 
191    BEN25   (31)    8 :  0.008 0.006 0.977 0.008 
192    BEN36   (12)    8 :  0.013 0.013 0.966 0.008 
193     BEN7   (18)    8 :  0.003 0.014 0.962 0.022 
194    BIA02    (0)   11 :  0.994 0.002 0.002 0.002 
195    BIA20    (6)   11 :  0.985 0.003 0.008 0.004 
196    BIA26   (18)   11 :  0.992 0.002 0.003 0.002 
197    BIA29   (37)   11 :  0.992 0.002 0.003 0.002 
198    BIA43   (37)   11 :  0.992 0.002 0.003 0.003 
199    BIA47    (0)   11 :  0.994 0.002 0.002 0.002 
200   BKF001    (0)   129 :  0.973 0.007 0.009 0.011 
201   BKF002    (0)   129 :  0.956 0.007 0.031 0.007 
202   BKF003    (0)   129 :  0.993 0.002 0.002 0.002 
203   BKF004    (0)   129 :  0.956 0.014 0.020 0.010 
204   BKF005    (0)   129 :  0.952 0.007 0.034 0.007 
205   BKF006    (6)   129 :  0.922 0.010 0.053 0.015 
206   BKF007    (6)   129 :  0.947 0.016 0.017 0.020 
207   BKF008   (25)   129 :  0.988 0.004 0.004 0.004 
208   BKF009   (18)   129 :  0.943 0.003 0.047 0.006 
209   BKF011   (18)   129 :  0.984 0.006 0.005 0.005 
210   BKF012    (6)   129 :  0.989 0.004 0.005 0.003 
211   BKF014    (0)   129 :  0.889 0.015 0.079 0.017 
212   BKF017    (0)   118 :  0.925 0.017 0.047 0.011 
213   BKF021   (37)   118 :  0.975 0.008 0.009 0.008 
214   BKF038    (0)   118 :  0.989 0.004 0.003 0.004 
215   BKF050   (18)   118 :  0.931 0.022 0.013 0.034 
216   BKF053   (12)   118 :  0.994 0.002 0.002 0.002 
217   BKF054    (6)   118 :  0.994 0.002 0.002 0.002 
218   BKF057    (0)   118 :  0.994 0.002 0.002 0.002 
219   BKF058   (31)   118 :  0.957 0.018 0.013 0.013 
220   BKF059    (0)   118 :  0.971 0.006 0.014 0.008 
221   BKF061   (12)   118 :  0.993 0.002 0.002 0.002 
222   BKF062    (6)   118 :  0.973 0.010 0.007 0.009 
223   BKF066    (0)   118 :  0.809 0.047 0.047 0.097 
224   BKF072    (0)   118 :  0.985 0.004 0.007 0.004 
225   BKF074    (6)   118 :  0.994 0.002 0.002 0.002 
226   BKF075   (37)   118 :  0.975 0.007 0.009 0.009 
227   BKF076   (25)   118 :  0.994 0.002 0.002 0.002 
228   BKF077    (0)   118 :  0.991 0.002 0.003 0.003 
229   BKF084    (0)   118 :  0.912 0.025 0.045 0.019 
230   BKF087    (6)   118 :  0.809 0.015 0.159 0.017 
231   BKF089    (0)   118 :  0.882 0.042 0.029 0.048 
232   BKF090    (6)   118 :  0.952 0.011 0.025 0.011 
233   BKF092    (0)   118 :  0.847 0.049 0.056 0.048 
234   BKF093   (37)   118 :  0.974 0.009 0.010 0.007 
235   BKF094   (18)   118 :  0.991 0.002 0.003 0.003 
236   BKF097    (6)   118 :  0.983 0.007 0.004 0.006 
237   BKF102    (6)   118 :  0.993 0.002 0.003 0.003 
238   BKF108   (12)   118 :  0.990 0.003 0.004 0.003 
239   BKF110   (18)   118 :  0.993 0.002 0.002 0.002 
240   BKF112   (25)   118 :  0.706 0.018 0.233 0.043 
241   BKF114    (6)   118 :  0.992 0.003 0.003 0.002 
242   BKF115    (0)   126 :  0.985 0.004 0.006 0.005 
243   BKF116   (12)   126 :  0.991 0.003 0.003 0.003 
244 BKF117-BKF1    (0)   126 :  0.980 0.007 0.007 0.007 
245 BKF119-BKF1    (0)   126 :  0.995 0.002 0.002 0.001 
246   BKF120   (12)   126 :  0.904 0.017 0.063 0.015 
247 BKF122-BKF1    (0)   126 :  0.994 0.002 0.002 0.002 
248 BKF123-BKF1    (0)   126 :  0.971 0.011 0.009 0.009 
249   BKF124    (0)   126 :  0.991 0.003 0.002 0.003 
250   BKF125    (0)   126 :  0.994 0.002 0.002 0.002 
251 BKF126-BKF1    (0)   126 :  0.981 0.006 0.008 0.005 
252   BKF127    (6)   126 :  0.992 0.003 0.003 0.002 
253   BKF129    (6)   126 :  0.993 0.003 0.002 0.002 
254   BKF130    (0)   126 :  0.991 0.003 0.002 0.004 
255 BKF131-BKF1    (6)   126 :  0.981 0.006 0.007 0.006 
256   BKF136    (6)   126 :  0.983 0.006 0.006 0.005 
257   BKF137    (0)   126 :  0.995 0.002 0.002 0.002 
258   BKF138    (0)   126 :  0.995 0.002 0.002 0.002 
259 BKF140-BKF1    (0)   126 :  0.992 0.002 0.004 0.002 
260   BKF141   (18)   126 :  0.993 0.002 0.002 0.002 
261 BKF142-BKF1    (0)   126 :  0.994 0.002 0.003 0.002 
262   BKF144   (12)   126 :  0.984 0.006 0.005 0.005 
263   BKF146    (0)   126 :  0.995 0.002 0.002 0.002 
264 BKF148-BKF1    (6)   126 :  0.994 0.002 0.002 0.002 
265   BKF149    (0)   126 :  0.993 0.002 0.002 0.002 
266   BKF151    (0)   126 :  0.990 0.004 0.003 0.003 
267   BKF152    (0)   126 :  0.995 0.002 0.002 0.002 
268   BKF154    (0)   126 :  0.994 0.002 0.002 0.002 
269   BKF155    (0)   126 :  0.995 0.002 0.002 0.002 
270   BKF156   (12)   126 :  0.993 0.002 0.002 0.003 
271   BKF157    (6)   126 :  0.994 0.002 0.002 0.002 
272   BKF160   (12)   126 :  0.994 0.002 0.002 0.002 
273   BKF162   (12)   126 :  0.986 0.004 0.006 0.004 
274   BKF163   (12)   126 :  0.990 0.004 0.004 0.003 
275 BKF164-BKF1    (0)   126 :  0.992 0.003 0.002 0.003 
276 BKF165-BKF1    (6)   126 :  0.988 0.005 0.003 0.004 
277   BKF166    (6)   126 :  0.959 0.015 0.014 0.013 
278   BKF167    (0)   126 :  0.977 0.006 0.009 0.007 
279 BKF168-BKF1    (6)   126 :  0.977 0.009 0.006 0.008 
280   BKF171    (0)   126 :  0.995 0.002 0.002 0.002 
281   BKF172   (31)   126 :  0.982 0.005 0.009 0.005 
282 BKF173-BKF1   (12)   126 :  0.993 0.003 0.002 0.002 
283   BKF174   (18)   126 :  0.987 0.005 0.003 0.005 
284   BKF175   (12)   126 :  0.990 0.003 0.004 0.003 
285   BKF177    (6)   126 :  0.991 0.004 0.002 0.003 
286 BKF178-BKF1    (0)   126 :  0.993 0.003 0.002 0.002 
287 BKF179-BKF1    (6)   126 :  0.993 0.002 0.002 0.003 
288   BKF180   (25)   126 :  0.993 0.002 0.003 0.002 
289   BKF182   (25)   126 :  0.994 0.002 0.002 0.002 
290   BKF184    (6)   126 :  0.993 0.002 0.003 0.002 
291   BKF185   (18)   126 :  0.966 0.011 0.013 0.009 
292   BKF186   (18)   126 :  0.987 0.005 0.005 0.004 
293   BKF197   (25)   126 :  0.987 0.004 0.004 0.005 
294   BKF198   (18)   118 :  0.990 0.003 0.004 0.003 
295   BKF199    (0)   118 :  0.975 0.009 0.009 0.008 
296   BKF200   (25)   118 :  0.987 0.005 0.004 0.004 
297   BKF201   (12)   118 :  0.988 0.003 0.005 0.003 
298   BKF202   (18)   118 :  0.992 0.002 0.003 0.002 
299   BKF203   (37)   118 :  0.978 0.006 0.008 0.007 
300   BKF204   (25)   118 :  0.991 0.003 0.003 0.003 
301   BKF206   (12)   118 :  0.955 0.016 0.010 0.019 
302   BKF207   (12)   118 :  0.988 0.003 0.005 0.004 
303   BKF208   (18)   127 :  0.977 0.008 0.008 0.007 
304   BKF209    (0)   127 :  0.902 0.028 0.046 0.024 
305   BKF210    (0)   127 :  0.987 0.005 0.004 0.004 
306   BKF214    (0)   127 :  0.995 0.002 0.002 0.002 
307   BKF216   (18)   127 :  0.581 0.258 0.019 0.142 
308   BKF217    (6)   127 :  0.991 0.003 0.003 0.003 
309   BKF218   (18)   127 :  0.993 0.002 0.002 0.002 
310   BKF222    (0)   129 :  0.992 0.002 0.002 0.003 
311   BKF223    (6)   126 :  0.991 0.003 0.004 0.003 
312   BKF224    (6)   126 :  0.956 0.014 0.018 0.013 
313   BKF225    (6)   126 :  0.994 0.002 0.002 0.002 
314 BKF228-BKF2    (6)   126 :  0.977 0.006 0.012 0.005 
315   BKF229    (0)   126 :  0.994 0.002 0.002 0.002 
316   BKF230    (6)   126 :  0.995 0.002 0.002 0.002 
317   BKF235    (6)   126 :  0.994 0.002 0.002 0.002 
318   BKF236    (6)   126 :  0.994 0.002 0.002 0.002 
319   BKF239    (6)   126 :  0.994 0.003 0.002 0.002 
320    BMB19   (12)   13 :  0.964 0.011 0.013 0.011 
321    BMB23   (31)   13 :  0.990 0.003 0.003 0.003 
322    BMB34   (37)   13 :  0.989 0.004 0.003 0.004 
323    BMB41   (18)   13 :  0.994 0.002 0.002 0.002 
324    BMB44   (18)   13 :  0.991 0.002 0.004 0.003 
325   BWA001   (18)   151 :  0.002 0.937 0.018 0.043 
326   BWA004   (25)   151 :  0.003 0.634 0.010 0.353 
327   BWA006   (12)   151 :  0.004 0.226 0.011 0.759 
328   BWA009    (6)   151 :  0.005 0.950 0.020 0.025 
329   BWA010   (18)   151 :  0.003 0.119 0.614 0.264 
330   BWA013    (0)   151 :  0.003 0.905 0.078 0.014 
331   BWA014    (0)   151 :  0.002 0.957 0.031 0.009 
332   BWA017    (0)   151 :  0.002 0.970 0.008 0.020 
333   BWA018    (0)   151 :  0.002 0.983 0.007 0.008 
334   BWA019    (0)   151 :  0.002 0.358 0.028 0.612 
335 CAM01-CAM07    (6)   125 :  0.991 0.004 0.003 0.002 
336    CAM02    (6)   125 :  0.990 0.003 0.003 0.003 
337    CAM03    (6)   125 :  0.994 0.002 0.002 0.002 
338    CAM05   (18)   125 :  0.991 0.003 0.003 0.003 
339    CAM06   (18)   125 :  0.992 0.003 0.002 0.003 
340    CAM09   (12)   125 :  0.994 0.002 0.002 0.002 
341    CAM10    (6)   125 :  0.989 0.003 0.004 0.004 
342    CAM11   (12)   125 :  0.989 0.003 0.004 0.004 
343    CAM16   (12)   125 :  0.993 0.002 0.002 0.002 
344    CAM19    (6)   125 :  0.994 0.002 0.002 0.002 
345    CAM21   (25)   125 :  0.991 0.003 0.003 0.003 
346    CAM27   (31)   125 :  0.985 0.006 0.005 0.004 
347    CAM28   (25)   125 :  0.986 0.006 0.004 0.005 
348 CAM30-GAB77    (6)   125 :  0.993 0.002 0.002 0.003 
349    CAM33    (6)   13 :  0.993 0.002 0.003 0.002 
350    CAR02   (37)   57 :  0.978 0.007 0.009 0.007 
351 CAR03-CAR14    (0)   57 :  0.639 0.038 0.048 0.275 
352 CAR05-CAR16    (0)   57 :  0.965 0.007 0.019 0.010 
353   CAR056   (25)   156 :  0.991 0.003 0.003 0.003 
354 CAR08-CAR20    (0)   57 :  0.926 0.018 0.039 0.016 
355 CAR10-CAR19    (0)   57 :  0.626 0.046 0.061 0.267 
356    CAR40   (31)   57 :  0.301 0.018 0.580 0.101 
357   CH0878    (0)   27 :  0.002 0.964 0.017 0.017 
358   CH0879    (0)   27 :  0.002 0.975 0.013 0.009 
359   CH0880    (0)   27 :  0.002 0.966 0.007 0.024 
360   CH0881    (0)   27 :  0.002 0.980 0.004 0.014 
361   CH0882    (0)   27 :  0.002 0.821 0.006 0.171 
362   CH0883    (0)   27 :  0.002 0.954 0.019 0.025 
363   CH0884    (0)   27 :  0.003 0.775 0.007 0.216 
364   CH0885    (0)   27 :  0.002 0.069 0.009 0.921 
365   CH0886    (0)   27 :  0.002 0.728 0.014 0.256 
366   CH0888    (6)   27 :  0.002 0.977 0.009 0.012 
367   CH0890    (0)   27 :  0.002 0.955 0.016 0.027 
368   CH0891    (0)   27 :  0.003 0.942 0.023 0.033 
369   CH0892    (0)   27 :  0.002 0.979 0.006 0.013 
370   CH0893    (0)   27 :  0.003 0.573 0.110 0.314 
371   CH0894    (0)   27 :  0.002 0.951 0.007 0.040 
372   CH0895    (0)   27 :  0.002 0.928 0.006 0.064 
373   CH0897    (0)   27 :  0.002 0.945 0.013 0.040 
374   CH0898    (0)   27 :  0.002 0.969 0.007 0.022 
375   CH0899    (0)   27 :  0.002 0.975 0.011 0.012 
376   CH0900    (0)   27 :  0.002 0.853 0.049 0.097 
377   CH0906    (0)   27 :  0.004 0.943 0.016 0.038 
378   CH0907    (0)   27 :  0.002 0.906 0.069 0.023 
379   CH0908    (0)   27 :  0.003 0.935 0.028 0.034 
380   CH0931    (0)   27 :  0.002 0.943 0.022 0.033 
381   CH0932    (0)   27 :  0.003 0.982 0.008 0.006 
382   CH0934    (0)   27 :  0.003 0.796 0.037 0.164 
383   CH0935    (0)   27 :  0.002 0.979 0.008 0.011 
384   CH0952    (6)   27 :  0.003 0.821 0.068 0.108 
385   CH0953    (0)   27 :  0.003 0.848 0.015 0.134 
386   CH0954    (0)   27 :  0.003 0.423 0.520 0.055 
387   CH0955    (0)   27 :  0.003 0.983 0.005 0.010 
388   CH0957    (0)   27 :  0.003 0.980 0.007 0.010 
389   CH0958    (0)   27 :  0.002 0.745 0.028 0.225 
390   CH0959    (0)   27 :  0.002 0.985 0.007 0.006 
391   CH0960    (0)   27 :  0.001 0.966 0.013 0.020 
392   CH0961    (0)   27 :  0.002 0.859 0.008 0.132 
393   CH0962    (0)   27 :  0.002 0.956 0.020 0.022 
394   CH0963    (0)   27 :  0.003 0.958 0.008 0.030 
395   CH0964    (0)   27 :  0.002 0.674 0.009 0.316 
396   CH0965    (0)   27 :  0.002 0.976 0.008 0.014 
397   CH0966    (0)   27 :  0.002 0.804 0.085 0.110 
398   CH0967    (0)   27 :  0.002 0.970 0.016 0.012 
399   CH0968    (0)   27 :  0.002 0.970 0.019 0.009 
400   CH0969    (0)   27 :  0.002 0.760 0.008 0.230 
401   CH0970    (6)   27 :  0.003 0.232 0.368 0.397 
402    CHD01    (6)   46 :  0.042 0.071 0.844 0.043 
403    CHD02    (0)   46 :  0.002 0.007 0.970 0.021 
404    CHD03    (0)   46 :  0.002 0.006 0.985 0.007 
405    CHD04    (6)   46 :  0.002 0.050 0.875 0.074 
406    CHD05    (0)   46 :  0.005 0.016 0.969 0.010 
407    CHD06    (0)   46 :  0.002 0.005 0.987 0.006 
408    CHD07    (0)   46 :  0.003 0.008 0.975 0.015 
409    CHD08    (0)   46 :  0.002 0.007 0.983 0.008 
410    CHD09    (6)   46 :  0.002 0.010 0.941 0.047 
411    CHD10    (0)   46 :  0.002 0.015 0.957 0.026 
412    CHD11    (0)   46 :  0.002 0.008 0.926 0.063 
413    CHD12    (0)   46 :  0.002 0.007 0.978 0.013 
414    CHD13    (0)   46 :  0.002 0.040 0.415 0.542 
415    CHD14    (0)   46 :  0.002 0.004 0.989 0.005 
416    CHD15    (0)   46 :  0.002 0.008 0.977 0.013 
417    CHD16    (0)   46 :  0.002 0.018 0.915 0.065 
418    CHD17   (31)   46 :  0.003 0.012 0.954 0.031 
419    CHD18   (12)   46 :  0.002 0.021 0.949 0.027 
420    CHD19    (6)   46 :  0.002 0.006 0.980 0.012 
421    CHD20    (6)   46 :  0.007 0.004 0.981 0.007 
422    CHD21   (25)   46 :  0.003 0.013 0.969 0.015 
423    CHD22    (0)   46 :  0.002 0.007 0.979 0.012 
424    CHD23    (0)   46 :  0.002 0.005 0.987 0.006 
425    CHD25    (6)   46 :  0.002 0.007 0.965 0.026 
426    CHD26   (12)   46 :  0.002 0.007 0.985 0.007 
427    CHD27    (0)   46 :  0.008 0.004 0.983 0.005 
428    CHD28   (18)   46 :  0.002 0.027 0.810 0.161 
429    CHD29    (0)   46 :  0.002 0.020 0.399 0.580 
430    CHD30    (0)   46 :  0.008 0.015 0.970 0.007 
431    CHD32   (12)   46 :  0.002 0.008 0.977 0.014 
432    CHD33    (0)   46 :  0.002 0.006 0.977 0.015 
433 CHD34-CHD36    (0)   73 :  0.029 0.016 0.935 0.021 
434    CHD35    (0)   73 :  0.088 0.006 0.898 0.007 
435    CHD37    (6)   73 :  0.010 0.010 0.966 0.013 
436    CHD38   (12)   73 :  0.133 0.033 0.797 0.037 
437 CHD39-CHD62    (0)   73 :  0.002 0.005 0.985 0.008 
438    CHD40   (31)   73 :  0.003 0.008 0.971 0.018 
439    CHD41   (18)   73 :  0.002 0.013 0.971 0.013 
440 CHD44-CHD45    (0)   73 :  0.084 0.010 0.884 0.022 
441    CHD52   (25)   74 :  0.005 0.010 0.978 0.007 
442    CHD56   (31)   74 :  0.002 0.022 0.952 0.024 
443    CHD57   (18)   74 :  0.003 0.057 0.902 0.039 
444    CHD58   (37)   74 :  0.004 0.013 0.975 0.008 
445    CHD59   (12)   74 :  0.002 0.019 0.949 0.029 
446    CHD60    (6)   74 :  0.002 0.006 0.980 0.012 
447    CHD61   (12)   74 :  0.002 0.006 0.982 0.010 
448    CHD63    (0)   74 :  0.002 0.004 0.989 0.005 
449 CI001-CI004    (0)   138 :  0.975 0.005 0.006 0.015 
450    CI002    (0)   138 :  0.989 0.003 0.003 0.004 
451    CI003    (0)   138 :  0.989 0.004 0.004 0.004 
452    CI005    (6)   138 :  0.994 0.002 0.002 0.002 
453 CI006-CI010    (0)   138 :  0.991 0.003 0.002 0.004 
454    CI011    (0)   138 :  0.994 0.002 0.001 0.003 
455    CI012    (0)   138 :  0.995 0.002 0.002 0.002 
456    CI013    (0)   138 :  0.988 0.004 0.004 0.004 
457    CI014    (0)   138 :  0.994 0.002 0.002 0.002 
458 CI018-CI063    (0)   138 :  0.986 0.005 0.005 0.004 
459 CI025-CI028    (6)   138 :  0.994 0.002 0.002 0.002 
460 CI036-CI050    (0)   138 :  0.956 0.008 0.027 0.009 
461    CI041    (6)   138 :  0.994 0.002 0.002 0.002 
462    CI042    (6)   138 :  0.994 0.002 0.002 0.002 
463 CI044-CI058    (0)   138 :  0.981 0.007 0.005 0.007 
464    CI045    (0)   138 :  0.987 0.005 0.005 0.003 
465    CI046    (6)   138 :  0.982 0.006 0.005 0.007 
466    CI048    (0)   138 :  0.897 0.036 0.038 0.029 
467    CI049    (0)   138 :  0.990 0.003 0.004 0.003 
468    CI051    (0)   138 :  0.970 0.009 0.007 0.014 
469    CI052    (0)   138 :  0.989 0.004 0.004 0.003 
470    CI053   (12)   138 :  0.932 0.007 0.051 0.009 
471    CI055   (31)   138 :  0.976 0.008 0.009 0.008 
472    CI056    (0)   138 :  0.985 0.005 0.004 0.007 
473    CI057    (0)   138 :  0.994 0.002 0.002 0.002 
474    CI059   (12)   138 :  0.882 0.018 0.075 0.025 
475    CI071    (0)   138 :  0.991 0.003 0.003 0.003 
476    CI073    (0)   138 :  0.987 0.004 0.006 0.003 
477    CI076    (6)   138 :  0.994 0.002 0.002 0.002 
478    CI078   (12)   138 :  0.993 0.002 0.002 0.002 
479   CMR001    (6)   157 :  0.995 0.002 0.002 0.002 
480   CMR002    (0)   157 :  0.991 0.003 0.003 0.003 
481   CMR003    (6)   157 :  0.993 0.003 0.002 0.003 
482 CMR004-CMR0   (12)   157 :  0.921 0.026 0.025 0.028 
483 CMR005-CMR0    (6)   157 :  0.985 0.003 0.007 0.005 
484   CMR006    (6)   157 :  0.976 0.007 0.010 0.007 
485   CMR007    (6)    4 :  0.990 0.003 0.003 0.003 
486 CMR009-CMR0    (6)   125 :  0.989 0.003 0.003 0.004 
487   CMR010    (6)   125 :  0.986 0.006 0.003 0.005 
488 CMR012-CMR0    (6)   125 :  0.995 0.002 0.002 0.002 
489   CMR014   (12)   125 :  0.987 0.004 0.004 0.004 
490   CMR015   (12)   125 :  0.968 0.009 0.015 0.008 
491   CMR017    (0)   125 :  0.995 0.002 0.002 0.002 
492   CMR018   (25)   125 :  0.982 0.005 0.006 0.007 
493   CMR021    (0)   125 :  0.991 0.003 0.003 0.003 
494   CMR023   (18)   158 :  0.993 0.002 0.002 0.002 
495   CMR027    (0)   158 :  0.991 0.004 0.002 0.003 
496   CMR031    (6)   158 :  0.992 0.003 0.003 0.003 
497   CMR032    (0)   157 :  0.987 0.004 0.006 0.004 
498   CMR033    (6)   157 :  0.990 0.003 0.004 0.003 
499   CMR034    (0)   157 :  0.986 0.004 0.004 0.005 
500   CMR035    (6)   157 :  0.992 0.002 0.003 0.002 
501   CMR036    (0)   157 :  0.965 0.009 0.013 0.013 
502   CMR038    (6)   157 :  0.972 0.007 0.011 0.010 
503   CMR039    (0)   157 :  0.992 0.002 0.003 0.003 
504   CMR041    (6)    4 :  0.984 0.004 0.007 0.005 
505   CMR042   (18)    4 :  0.984 0.005 0.005 0.007 
506   CMR047    (6)    4 :  0.994 0.002 0.002 0.002 
507 CMR050-CMR0    (6)    4 :  0.988 0.003 0.005 0.004 
508   CMR052    (0)    4 :  0.985 0.005 0.004 0.006 
509   CMR053    (0)    4 :  0.994 0.002 0.002 0.002 
510   CMR054    (6)    4 :  0.989 0.003 0.005 0.003 
511   CMR055    (6)    4 :  0.995 0.002 0.002 0.002 
512   CMR057    (6)    4 :  0.907 0.026 0.030 0.038 
513   CMR058    (6)   157 :  0.991 0.002 0.003 0.004 
514   CMR059    (6)   157 :  0.992 0.003 0.002 0.003 
515   CMR061   (18)   157 :  0.985 0.007 0.003 0.005 
516   CMR062    (0)   157 :  0.986 0.004 0.003 0.006 
517   CMR063    (6)   157 :  0.986 0.005 0.004 0.005 
518   CMR064    (6)   157 :  0.993 0.002 0.002 0.003 
519   CMR065   (31)   157 :  0.976 0.007 0.006 0.011 
520   CMR071    (0)   157 :  0.992 0.003 0.002 0.003 
521   CMR072    (6)   157 :  0.993 0.003 0.002 0.003 
522 CMR073-CMR0    (6)   157 :  0.995 0.002 0.002 0.002 
523   CMR078    (6)   157 :  0.995 0.002 0.001 0.002 
524   CMR080    (6)   157 :  0.993 0.002 0.002 0.003 
525   CMR081   (12)   158 :  0.989 0.004 0.003 0.004 
526   CMR082    (6)    4 :  0.993 0.002 0.003 0.002 
527    CON01   (18)   102 :  0.987 0.003 0.004 0.006 
528 CON03-CON08    (6)   102 :  0.991 0.003 0.003 0.004 
529 CON05-CON09    (0)   102 :  0.994 0.002 0.002 0.002 
530    CON10    (0)   15 :  0.995 0.002 0.002 0.002 
531    CON11   (12)   15 :  0.985 0.007 0.004 0.005 
532    CON12    (6)   15 :  0.992 0.003 0.002 0.003 
533    CON13    (0)   15 :  0.927 0.019 0.026 0.029 
534    CON14    (0)   15 :  0.985 0.006 0.003 0.006 
535    CON15   (18)   15 :  0.991 0.003 0.003 0.003 
536    CON16   (12)   15 :  0.964 0.015 0.010 0.011 
537    CON17    (0)   15 :  0.943 0.019 0.022 0.017 
538    CON18    (6)   15 :  0.990 0.004 0.003 0.004 
539    CON19    (6)   15 :  0.983 0.008 0.003 0.005 
540    CON20   (37)   15 :  0.943 0.022 0.012 0.024 
541 CON21-CON26    (6)   15 :  0.981 0.005 0.009 0.006 
542    CON22    (6)   15 :  0.986 0.006 0.004 0.004 
543    CON23    (0)   15 :  0.992 0.002 0.003 0.002 
544    CON24    (0)   15 :  0.990 0.003 0.004 0.003 
545    CON25    (6)   15 :  0.977 0.005 0.012 0.005 
546    CON27    (0)   15 :  0.994 0.002 0.002 0.002 
547    CON28   (12)   15 :  0.798 0.061 0.033 0.109 
548 CON29-CON36   (25)   15 :  0.820 0.062 0.069 0.049 
549    CON31   (12)   15 :  0.901 0.021 0.041 0.037 
550 CON32-CON34    (6)   15 :  0.717 0.181 0.033 0.069 
551    CON33   (25)   15 :  0.715 0.163 0.045 0.077 
552    CON35   (12)   15 :  0.938 0.028 0.009 0.025 
553    CON38   (12)   15 :  0.911 0.027 0.030 0.032 
554    CON39   (18)   15 :  0.881 0.047 0.032 0.040 
555    CON40   (12)   15 :  0.731 0.085 0.112 0.072 
556    CON42   (18)   15 :  0.930 0.027 0.025 0.018 
557    CON43   (25)   15 :  0.634 0.081 0.223 0.061 
558    CON44   (12)   102 :  0.991 0.003 0.003 0.003 
559    CON45   (18)   102 :  0.989 0.004 0.003 0.003 
560    CON50   (12)   102 :  0.993 0.002 0.003 0.003 
561    CON53    (0)   102 :  0.994 0.002 0.002 0.002 
562    CON56    (6)   102 :  0.994 0.002 0.002 0.002 
563    CON58   (37)   102 :  0.985 0.004 0.007 0.004 
564    CON62    (6)   102 :  0.976 0.006 0.009 0.008 
565    CON64    (6)   102 :  0.991 0.003 0.003 0.003 
566    CON65   (25)   102 :  0.992 0.003 0.002 0.003 
567     DC01   (12)   15 :  0.989 0.003 0.004 0.004 
568     DC02    (6)   15 :  0.982 0.006 0.006 0.006 
569     DC04   (37)   15 :  0.989 0.003 0.004 0.004 
570     DC06   (25)   15 :  0.992 0.002 0.003 0.002 
571     DC10    (0)   15 :  0.975 0.008 0.007 0.011 
572     DC12   (25)   15 :  0.988 0.003 0.004 0.004 
573     DC13    (0)   15 :  0.995 0.002 0.002 0.002 
574     DC17   (12)   15 :  0.989 0.003 0.003 0.004 
575     DC19   (25)   15 :  0.993 0.002 0.002 0.002 
576     DC21   (12)   15 :  0.966 0.012 0.012 0.010 
577     DC25   (37)   15 :  0.991 0.003 0.003 0.003 
578     DC26   (18)   15 :  0.979 0.008 0.004 0.009 
579  DJA1-01   (37)    4 :  0.989 0.003 0.004 0.004 
580  DJA1-03   (37)    4 :  0.961 0.023 0.004 0.012 
581  DJA1-11   (31)    4 :  0.978 0.006 0.009 0.007 
582  DJA1-15   (31)    4 :  0.969 0.016 0.003 0.013 
583  DJA1-21   (37)    4 :  0.993 0.002 0.002 0.002 
584  DJA2-09    (0)    4 :  0.981 0.005 0.008 0.006 
585  DJA2-16   (12)    4 :  0.973 0.006 0.012 0.009 
586 DRC004-DRC0    (0)   89 :  0.994 0.002 0.002 0.002 
587   DRC019   (31)   89 :  0.961 0.012 0.007 0.020 
588   DRC021   (25)   51 :  0.992 0.003 0.003 0.003 
589 DRC022-DRC1    (0)   51 :  0.993 0.002 0.003 0.003 
590   DRC030    (6)   51 :  0.987 0.004 0.005 0.005 
591 DRC031-DRC1    (0)   51 :  0.995 0.002 0.002 0.002 
592   DRC042   (12)   51 :  0.990 0.003 0.004 0.003 
593   DRC043    (0)   51 :  0.957 0.014 0.011 0.018 
594   DRC045   (12)   51 :  0.960 0.010 0.022 0.009 
595   DRC053    (6)   51 :  0.979 0.009 0.005 0.007 
596   DRC055   (12)   51 :  0.994 0.002 0.002 0.002 
597   DRC058   (31)   51 :  0.988 0.004 0.004 0.004 
598   DRC059    (6)   51 :  0.928 0.017 0.018 0.036 
599   DRC060    (0)   51 :  0.882 0.043 0.034 0.041 
600   DRC063    (0)   51 :  0.991 0.004 0.002 0.003 
601   DRC068    (6)   51 :  0.990 0.003 0.004 0.003 
602 DRC078.2    (0)   77 :  0.993 0.002 0.002 0.003 
603   DRC092   (12)   77 :  0.973 0.009 0.008 0.010 
604   DRC095    (6)   77 :  0.968 0.009 0.012 0.011 
605   DRC096   (37)   77 :  0.987 0.005 0.003 0.004 
606 DRC097-DRC1    (0)   145 :  0.102 0.042 0.594 0.262 
607 DRC098-DRC1    (6)   145 :  0.496 0.113 0.250 0.141 
608 DRC099-DRC1    (0)   145 :  0.235 0.427 0.029 0.310 
609   DRC101    (6)   144 :  0.024 0.024 0.183 0.768 
610   DRC103    (0)   145 :  0.002 0.435 0.142 0.421 
611 DRC104-DRC1    (6)   145 :  0.717 0.162 0.024 0.097 
612   DRC105    (0)   144 :  0.002 0.019 0.541 0.438 
613   DRC108    (0)   144 :  0.003 0.157 0.211 0.630 
614 DRC112-DRC1    (0)   76 :  0.843 0.014 0.106 0.037 
615   DRC115    (0)   145 :  0.016 0.072 0.202 0.710 
616   DRC116    (0)   144 :  0.002 0.013 0.696 0.289 
617   DRC117    (0)   144 :  0.002 0.717 0.143 0.137 
618   DRC118    (6)   145 :  0.292 0.482 0.010 0.216 
619   DRC128   (25)   77 :  0.994 0.002 0.002 0.002 
620   DRC132   (12)   51 :  0.844 0.076 0.025 0.054 
621   DRC134    (0)   51 :  0.990 0.003 0.003 0.003 
