

----------------------------------------------------
STRUCTURE by Pritchard, Stephens and Donnelly (2000)
     and Falush, Stephens and Pritchard (2003)
       Code by Pritchard, Falush and Hubisz
             Version 2.3.4 (Jul 2012)
----------------------------------------------------



Input File:    REFELE_5.32_structure.txt

Run parameters:
   2417 individuals
   16 loci
   3 populations assumed
   10000 Burn-in period
   20000 Reps


--------------------------------------------
Proportion of membership of each pre-defined
 population in each of the 3 clusters

Given    Inferred Clusters       Number of
 Pop       1      2      3      Individuals

  0:     0.002  0.995  0.002        1
  1:     0.911  0.006  0.083       56
  3:     0.731  0.007  0.262       29
  4:     0.008  0.985  0.007       18
  5:     0.829  0.004  0.167      147
  7:     0.449  0.003  0.548       17
  8:     0.028  0.048  0.924       17
  9:     0.488  0.003  0.509       73
 10:     0.526  0.018  0.456        3
 11:     0.003  0.994  0.003       18
 13:     0.004  0.992  0.004        6
 14:     0.844  0.004  0.152       22
 15:     0.016  0.971  0.013       97
 16:     0.539  0.003  0.458       72
 17:     0.046  0.894  0.060       41
 18:     0.506  0.003  0.491       21
 19:     0.014  0.008  0.978       20
 20:     0.962  0.002  0.036       94
 22:     0.004  0.992  0.004       12
 23:     0.747  0.039  0.214       14
 24:     0.421  0.003  0.576       36
 25:     0.839  0.005  0.157       16
 26:     0.007  0.986  0.007       17
 27:     0.927  0.002  0.070       62
 29:     0.902  0.003  0.094       18
 30:     0.921  0.003  0.076        9
 31:     0.891  0.002  0.107       26
 32:     0.936  0.005  0.059       17
 33:     0.873  0.002  0.124       10
 34:     0.779  0.003  0.218       21
 35:     0.005  0.989  0.006        3
 38:     0.003  0.995  0.003        7
 40:     0.794  0.004  0.203       60
 41:     0.013  0.022  0.965       16
 42:     0.805  0.006  0.189       32
 44:     0.012  0.970  0.018        9
 46:     0.014  0.004  0.981       31
 47:     0.003  0.994  0.003       19
 48:     0.834  0.005  0.161       26
 49:     0.881  0.003  0.117       18
 50:     0.015  0.974  0.011       14
 51:     0.013  0.977  0.010       30
 53:     0.842  0.003  0.155       11
 57:     0.040  0.738  0.221        6
 61:     0.835  0.008  0.156       12
 62:     0.135  0.738  0.127       11
 64:     0.800  0.003  0.197        9
 66:     0.264  0.145  0.591       85
 67:     0.183  0.016  0.802       36
 69:     0.095  0.005  0.900       17
 72:     0.807  0.007  0.186        7
 73:     0.010  0.042  0.948        8
 74:     0.021  0.003  0.977        8
 76:     0.028  0.869  0.103        1
 77:     0.005  0.989  0.005       10
 80:     0.758  0.003  0.239       13
 84:     0.027  0.957  0.016        9
 89:     0.020  0.963  0.017       13
 96:     0.045  0.003  0.952       31
 97:     0.188  0.372  0.439       69
102:     0.004  0.988  0.008       37
106:     0.458  0.003  0.539        3
107:     0.005  0.990  0.005       24
109:     0.817  0.005  0.178       19
110:     0.906  0.002  0.092       23
112:     0.006  0.059  0.935       33
113:     0.824  0.045  0.130        3
114:     0.459  0.005  0.536       15
115:     0.455  0.002  0.543        4
116:     0.736  0.004  0.260       39
117:     0.198  0.004  0.798        1
118:     0.013  0.970  0.018       85
119:     0.029  0.003  0.968        7
120:     0.036  0.003  0.961       18
121:     0.708  0.003  0.289        8
122:     0.078  0.715  0.208       16
123:     0.122  0.821  0.057       10
124:     0.003  0.993  0.004       12
125:     0.003  0.993  0.004       22
126:     0.004  0.991  0.004       61
127:     0.056  0.924  0.020        7
129:     0.019  0.959  0.022       32
131:     0.211  0.710  0.079        1
132:     0.060  0.330  0.610        3
134:     0.013  0.973  0.014        3
136:     0.699  0.002  0.299       30
137:     0.928  0.009  0.063       23
138:     0.006  0.985  0.009       30
139:     0.903  0.003  0.094        4
140:     0.956  0.002  0.041       11
141:     0.060  0.007  0.933       10
142:     0.489  0.002  0.510        2
143:     0.965  0.003  0.032        4
144:     0.264  0.199  0.537       17
145:     0.368  0.256  0.376        7
146:     0.020  0.003  0.976        5
147:     0.275  0.003  0.722       11
149:     0.046  0.005  0.949        1
150:     0.879  0.003  0.118       66
151:     0.917  0.003  0.080       16
152:     0.950  0.003  0.047       13
153:     0.984  0.003  0.013        3
154:     0.889  0.007  0.103        4
155:     0.909  0.012  0.080        1
156:     0.003  0.993  0.003        1
157:     0.005  0.990  0.005       25
158:     0.003  0.994  0.003        4
159:     0.665  0.004  0.331        4
160:     0.454  0.003  0.543        8
--------------------------------------------

Allele-freq. divergence among pops (Net nucleotide distance),
computed using point estimates of P.

      1       2       3      
 1      -    0.2050  0.0188  
 2   0.2050     -    0.2018  
 3   0.0188  0.2018     -    

Average distances (expected heterozygosity) between individuals in same cluster:
cluster  1  : 0.6306 
cluster  2  : 0.8274 
cluster  3  : 0.6398 

--------------------------------------------
Estimated Ln Prob of Data   = -119537.1
Mean value of ln likelihood = -118850.3
Variance of ln likelihood   = 1373.6
Mean value of alpha         = 0.0404

Mean value of Fst_1         = 0.2367
Mean value of Fst_2         = 0.0646
Mean value of Fst_3         = 0.2138


Inferred ancestry of individuals:
        Label (%Miss) Pop:  Inferred clusters
  1   AB4521    (6)    7 :  0.736 0.004 0.260 
  2   AB4522    (0)    7 :  0.933 0.002 0.064 
  3   AB4523    (0)    7 :  0.034 0.002 0.964 
  4   AB4524    (0)    7 :  0.921 0.002 0.077 
  5   AB4525    (0)    7 :  0.538 0.002 0.460 
  6   AB4526    (0)    7 :  0.137 0.002 0.861 
  7   AB4527    (0)    7 :  0.664 0.002 0.334 
  8   AB4528    (0)    7 :  0.019 0.002 0.978 
  9   AB4529    (0)    7 :  0.820 0.002 0.178 
 10   AB4530    (0)    7 :  0.240 0.002 0.758 
 11   AB4531    (0)    7 :  0.029 0.002 0.969 
 12   AB4532    (0)    7 :  0.014 0.004 0.981 
 13   AB4533    (0)    7 :  0.314 0.004 0.682 
 14   AB4534    (0)    7 :  0.646 0.010 0.344 
 15   AB4535    (0)    7 :  0.682 0.003 0.316 
 16   AB4541    (0)    7 :  0.610 0.002 0.388 
 17   AB4542    (0)    7 :  0.298 0.002 0.700 
 18   AM0001    (0)   16 :  0.307 0.003 0.690 
 19   AM0002    (0)   16 :  0.767 0.003 0.229 
 20   AM0003    (0)   16 :  0.929 0.002 0.069 
 21   AM0004    (0)   16 :  0.032 0.003 0.966 
 22   AM0005    (0)   16 :  0.229 0.005 0.766 
 23   AM0006    (0)   16 :  0.361 0.002 0.637 
 24   AM0007    (0)   16 :  0.884 0.003 0.114 
 25   AM0008    (0)   16 :  0.693 0.003 0.304 
 26   AM0011    (0)   16 :  0.273 0.002 0.725 
 27   AM0012    (0)   16 :  0.282 0.004 0.714 
 28   AM0013    (0)   16 :  0.789 0.002 0.208 
 29   AM0014    (0)   16 :  0.814 0.002 0.184 
 30   AM0015    (0)   16 :  0.876 0.002 0.121 
 31   AM0016    (0)   16 :  0.288 0.002 0.710 
 32   AM0017    (0)   16 :  0.279 0.002 0.719 
 33   AM0018    (0)   16 :  0.987 0.002 0.012 
 34   AM0019    (0)   16 :  0.357 0.003 0.640 
 35   AM0020    (0)   16 :  0.469 0.002 0.529 
 36   AM0021    (0)   16 :  0.899 0.003 0.098 
 37   AM0022    (0)   16 :  0.669 0.002 0.329 
 38   AM0023    (0)   16 :  0.980 0.002 0.018 
 39   AM0024    (0)   16 :  0.966 0.003 0.031 
 40   AM0025    (0)   16 :  0.401 0.003 0.596 
 41   AM0026    (0)   16 :  0.563 0.002 0.436 
 42   AM0027    (0)   16 :  0.722 0.003 0.276 
 43   AM0028    (0)   16 :  0.802 0.003 0.195 
 44   AM0029    (0)   16 :  0.517 0.003 0.480 
 45   AM0030    (0)   16 :  0.911 0.002 0.087 
 46   AM0031    (0)   16 :  0.017 0.002 0.981 
 47   AM0032    (0)   16 :  0.878 0.004 0.118 
 48   AM0033    (0)   16 :  0.156 0.002 0.842 
 49   AM0034    (0)   16 :  0.735 0.009 0.256 
 50   AM0035    (0)   16 :  0.975 0.002 0.024 
 51   AM0036    (0)   16 :  0.292 0.004 0.703 
 52   AM0037    (0)   16 :  0.191 0.002 0.807 
 53   AM0038    (0)   16 :  0.284 0.003 0.713 
 54   AM4551    (0)   16 :  0.969 0.003 0.028 
 55   AM4552    (0)   16 :  0.279 0.002 0.719 
 56   AM4553    (0)   16 :  0.015 0.004 0.981 
 57   AM4554    (0)   16 :  0.519 0.003 0.477 
 58   AM4555    (0)   16 :  0.971 0.005 0.025 
 59   AM4557    (0)   16 :  0.063 0.005 0.932 
 60   AM4558    (0)   16 :  0.027 0.002 0.971 
 61   AM4559    (0)   16 :  0.657 0.002 0.341 
 62   AM4560    (0)   16 :  0.774 0.002 0.224 
 63   AM4561    (0)   16 :  0.072 0.003 0.924 
 64   AM4562   (25)   16 :  0.793 0.009 0.198 
 65   AM4563   (12)   16 :  0.369 0.006 0.624 
 66   AM4564    (0)   16 :  0.768 0.002 0.230 
 67   AM4565    (0)   16 :  0.831 0.004 0.165 
 68   AM4566    (0)   16 :  0.075 0.002 0.923 
 69   AM4567    (0)   16 :  0.394 0.002 0.603 
 70   AM4568    (0)   16 :  0.636 0.003 0.361 
 71   AM4569    (0)   16 :  0.460 0.003 0.537 
 72   AM4570    (6)   16 :  0.666 0.003 0.331 
 73   AM4571    (0)   16 :  0.556 0.002 0.442 
 74   AM4573    (0)   16 :  0.020 0.002 0.978 
 75   AM4574    (0)   16 :  0.089 0.003 0.907 
 76   AM4575    (0)   16 :  0.494 0.003 0.503 
 77   AM4576    (0)   16 :  0.248 0.007 0.745 
 78   AM4577    (0)   16 :  0.919 0.004 0.077 
 79   AM4578    (0)   16 :  0.669 0.002 0.329 
 80   AM4579    (0)   16 :  0.081 0.005 0.914 
 81   AM4580    (0)   16 :  0.840 0.008 0.152 
 82   AM4581    (0)   16 :  0.955 0.002 0.043 
 83   AM4582    (0)   16 :  0.814 0.002 0.185 
 84   AM4583   (31)   16 :  0.507 0.007 0.487 
 85   AM4584    (0)   16 :  0.530 0.003 0.467 
 86   AM4585    (0)   16 :  0.204 0.003 0.793 
 87   AM4587    (0)   16 :  0.213 0.004 0.783 
 88    ANG05   (18)   35 :  0.005 0.992 0.003 
 89 ANG07-ANG15   (18)   35 :  0.002 0.995 0.003 
 90 ANG08-ANG26   (12)   35 :  0.007 0.979 0.013 
 91    ANG30   (12)   151 :  0.983 0.002 0.014 
 92    ANG32    (0)   151 :  0.979 0.002 0.020 
 93    ANG33    (6)   151 :  0.986 0.003 0.011 
 94    ANG34    (0)   152 :  0.976 0.004 0.020 
 95 ANG35-ANG36    (0)   152 :  0.991 0.002 0.008 
 96    ANG37   (25)   152 :  0.980 0.003 0.018 
 97    ANG38    (6)   152 :  0.989 0.002 0.009 
 98    ANG39   (12)   152 :  0.987 0.002 0.011 
 99    ANG40   (25)   152 :  0.951 0.004 0.046 
100    ANG42    (0)   151 :  0.986 0.002 0.012 
101    ANG43    (0)   151 :  0.977 0.003 0.021 
102    ANG44    (0)   151 :  0.991 0.002 0.007 
103    ANG47    (6)   152 :  0.986 0.003 0.011 
104    ANG49    (0)   152 :  0.982 0.002 0.016 
105    ANG50   (25)   152 :  0.582 0.003 0.415 
106    ANG53    (6)   152 :  0.987 0.002 0.011 
107    ANG54   (12)   152 :  0.985 0.002 0.013 
108    ANG55   (12)   152 :  0.966 0.004 0.031 
109    ANG56    (6)   152 :  0.991 0.003 0.006 
110    ANG57    (6)   27 :  0.982 0.002 0.016 
111    ANG58    (0)   27 :  0.983 0.002 0.015 
112   BE4035    (0)    8 :  0.006 0.004 0.990 
113   BE4036    (0)    8 :  0.010 0.002 0.988 
114   BE4037    (0)    8 :  0.018 0.138 0.844 
115   BE4038    (6)    8 :  0.008 0.004 0.988 
116   BE4039    (0)    8 :  0.014 0.111 0.874 
117   BE4053    (0)    8 :  0.007 0.057 0.937 
118   BE4055    (0)    8 :  0.205 0.040 0.754 
119   BE4056    (0)    8 :  0.003 0.002 0.995 
120   BE4057    (0)    8 :  0.011 0.067 0.922 
121   BE4058    (0)    8 :  0.007 0.002 0.991 
122   BE4059    (0)    8 :  0.008 0.005 0.986 
123   BEN009   (31)   118 :  0.004 0.992 0.004 
124   BEN011    (6)   118 :  0.012 0.977 0.011 
125 BEN014-BEN1    (0)   118 :  0.002 0.996 0.002 
126   BEN015    (0)   118 :  0.040 0.936 0.024 
127   BEN016    (0)   118 :  0.008 0.984 0.008 
128   BEN018    (6)   118 :  0.017 0.960 0.023 
129   BEN020    (0)   118 :  0.022 0.938 0.040 
130   BEN021    (6)   118 :  0.006 0.990 0.005 
131   BEN022    (0)   118 :  0.002 0.996 0.002 
132   BEN028   (31)   118 :  0.004 0.992 0.004 
133   BEN029    (0)   118 :  0.002 0.997 0.002 
134   BEN030    (0)   118 :  0.006 0.988 0.006 
135   BEN032   (18)   118 :  0.002 0.996 0.002 
136   BEN037    (0)   118 :  0.002 0.996 0.002 
137   BEN042    (0)   118 :  0.002 0.995 0.002 
138   BEN043   (12)   118 :  0.002 0.996 0.002 
139   BEN044    (0)   118 :  0.007 0.985 0.008 
140 BEN045-BKF0    (0)   118 :  0.003 0.995 0.003 
141   BEN046    (6)   118 :  0.002 0.996 0.002 
142 BEN048-BKF0    (6)   118 :  0.002 0.996 0.002 
143   BEN050    (0)   118 :  0.003 0.982 0.016 
144   BEN051    (0)   118 :  0.003 0.995 0.002 
145   BEN052    (0)   118 :  0.007 0.985 0.007 
146   BEN053    (0)   118 :  0.003 0.994 0.003 
147   BEN054   (12)   118 :  0.006 0.988 0.006 
148   BEN056   (37)   118 :  0.003 0.994 0.003 
149   BEN058    (0)   118 :  0.002 0.997 0.002 
150   BEN061   (25)   129 :  0.011 0.977 0.012 
151 BEN065-BEN0    (6)   129 :  0.006 0.988 0.006 
152 BEN072-BEN0    (0)   129 :  0.006 0.989 0.005 
153   BEN074    (6)   129 :  0.003 0.993 0.004 
154 BEN076-BEN1    (0)   129 :  0.074 0.784 0.142 
155   BEN089    (6)   129 :  0.002 0.994 0.004 
156 BEN090-BEN0    (0)   129 :  0.028 0.946 0.026 
157 BEN093-BEN0    (0)   129 :  0.019 0.957 0.024 
158 BEN097-BEN1    (0)   129 :  0.006 0.987 0.007 
159 BEN099-BEN1    (6)   129 :  0.004 0.988 0.008 
160     BEN1    (6)    8 :  0.012 0.007 0.981 
161    BEN10   (12)    8 :  0.019 0.308 0.673 
162 BEN100-BEN1    (0)   129 :  0.019 0.964 0.017 
163   BEN103    (0)   129 :  0.002 0.997 0.002 
164   BEN104   (25)   129 :  0.234 0.632 0.134 
165   BEN123   (18)   129 :  0.013 0.979 0.008 
166   BEN128   (43)   129 :  0.003 0.995 0.003 
167   BEN129   (18)   129 :  0.035 0.941 0.024 
168   BEN134    (0)   129 :  0.004 0.973 0.023 
169 BEN139-BEN1    (0)   129 :  0.002 0.995 0.002 
170    BEN14    (0)    8 :  0.123 0.011 0.866 
171   BEN146    (0)   129 :  0.022 0.954 0.024 
172   BEN147    (0)   118 :  0.029 0.941 0.030 
173   BEN148    (0)   118 :  0.008 0.985 0.007 
174   BEN149    (6)   118 :  0.015 0.974 0.011 
175   BEN150    (0)   118 :  0.002 0.996 0.002 
176   BEN151    (0)   118 :  0.002 0.997 0.002 
177   BEN152    (0)   118 :  0.003 0.995 0.002 
178   BEN153    (0)   118 :  0.025 0.913 0.061 
179   BEN154    (6)   118 :  0.002 0.996 0.002 
180   BEN159    (6)   118 :  0.018 0.935 0.047 
181   BEN163    (0)   118 :  0.002 0.995 0.002 
182   BEN165   (25)   118 :  0.024 0.929 0.047 
183   BEN168   (12)   118 :  0.004 0.992 0.004 
184   BEN169   (31)   118 :  0.008 0.986 0.006 
185   BEN172   (31)   118 :  0.228 0.612 0.160 
186   BEN176    (0)   118 :  0.002 0.997 0.002 
187   BEN182    (0)   118 :  0.002 0.996 0.002 
188   BEN183    (6)   118 :  0.002 0.997 0.002 
189   BEN184    (0)   118 :  0.029 0.938 0.033 
190   BEN187    (0)   118 :  0.002 0.997 0.002 
191    BEN25   (31)    8 :  0.009 0.015 0.976 
192    BEN36   (12)    8 :  0.013 0.035 0.952 
193     BEN7   (18)    8 :  0.009 0.003 0.987 
194    BIA02    (0)   11 :  0.002 0.996 0.002 
195    BIA20    (6)   11 :  0.003 0.991 0.006 
196    BIA26   (18)   11 :  0.002 0.995 0.003 
197    BIA29   (37)   11 :  0.002 0.995 0.002 
198    BIA43   (37)   11 :  0.002 0.995 0.003 
199    BIA47    (0)   11 :  0.002 0.996 0.002 
200   BKF001    (0)   129 :  0.009 0.981 0.010 
201   BKF002    (0)   129 :  0.006 0.975 0.019 
202   BKF003    (0)   129 :  0.002 0.996 0.002 
203   BKF004    (0)   129 :  0.013 0.971 0.016 
204   BKF005    (0)   129 :  0.007 0.971 0.021 
205   BKF006    (6)   129 :  0.014 0.947 0.039 
206   BKF007    (6)   129 :  0.023 0.948 0.029 
207   BKF008   (25)   129 :  0.004 0.992 0.004 
208   BKF009   (18)   129 :  0.004 0.969 0.027 
209   BKF011   (18)   129 :  0.007 0.989 0.005 
210   BKF012    (6)   129 :  0.003 0.993 0.004 
211   BKF014    (0)   129 :  0.018 0.920 0.062 
212   BKF017    (0)   118 :  0.016 0.955 0.030 
213   BKF021   (37)   118 :  0.008 0.984 0.008 
214   BKF038    (0)   118 :  0.004 0.993 0.004 
215   BKF050   (18)   118 :  0.031 0.947 0.023 
216   BKF053   (12)   118 :  0.002 0.996 0.002 
217   BKF054    (6)   118 :  0.002 0.996 0.002 
218   BKF057    (0)   118 :  0.002 0.996 0.002 
219   BKF058   (31)   118 :  0.017 0.971 0.012 
220   BKF059    (0)   118 :  0.008 0.980 0.012 
221   BKF061   (12)   118 :  0.002 0.995 0.003 
222   BKF062    (6)   118 :  0.010 0.983 0.007 
223   BKF066    (0)   118 :  0.079 0.818 0.103 
224   BKF072    (0)   118 :  0.004 0.991 0.005 
225   BKF074    (6)   118 :  0.002 0.996 0.002 
226   BKF075   (37)   118 :  0.008 0.983 0.009 
227   BKF076   (25)   118 :  0.002 0.996 0.002 
228   BKF077    (0)   118 :  0.003 0.994 0.004 
229   BKF084    (0)   118 :  0.024 0.933 0.043 
230   BKF087    (6)   118 :  0.023 0.847 0.131 
231   BKF089    (0)   118 :  0.054 0.893 0.053 
232   BKF090    (6)   118 :  0.011 0.969 0.020 
233   BKF092    (0)   118 :  0.068 0.861 0.070 
234   BKF093   (37)   118 :  0.008 0.984 0.008 
235   BKF094   (18)   118 :  0.003 0.994 0.003 
236   BKF097    (6)   118 :  0.006 0.988 0.006 
237   BKF102    (6)   118 :  0.002 0.995 0.003 
238   BKF108   (12)   118 :  0.003 0.994 0.004 
239   BKF110   (18)   118 :  0.002 0.995 0.002 
240   BKF112   (25)   118 :  0.039 0.709 0.252 
241   BKF114    (6)   118 :  0.003 0.995 0.003 
242   BKF115    (0)   126 :  0.005 0.987 0.007 
243   BKF116   (12)   126 :  0.003 0.994 0.003 
244 BKF117-BKF1    (0)   126 :  0.008 0.986 0.007 
245 BKF119-BKF1    (0)   126 :  0.002 0.997 0.002 
246   BKF120   (12)   126 :  0.018 0.944 0.038 
247 BKF122-BKF1    (0)   126 :  0.002 0.996 0.002 
248 BKF123-BKF1    (0)   126 :  0.010 0.983 0.008 
249   BKF124    (0)   126 :  0.003 0.994 0.003 
250   BKF125    (0)   126 :  0.002 0.996 0.002 
251 BKF126-BKF1    (0)   126 :  0.007 0.987 0.006 
252   BKF127    (6)   126 :  0.002 0.995 0.003 
253   BKF129    (6)   126 :  0.002 0.996 0.002 
254   BKF130    (0)   126 :  0.004 0.993 0.003 
255 BKF131-BKF1    (6)   126 :  0.006 0.987 0.007 
256   BKF136    (6)   126 :  0.005 0.989 0.005 
257   BKF137    (0)   126 :  0.002 0.997 0.002 
258   BKF138    (0)   126 :  0.002 0.997 0.002 
259 BKF140-BKF1    (0)   126 :  0.002 0.995 0.003 
260   BKF141   (18)   126 :  0.002 0.995 0.002 
261 BKF142-BKF1    (0)   126 :  0.002 0.996 0.002 
262   BKF144   (12)   126 :  0.006 0.989 0.005 
263   BKF146    (0)   126 :  0.002 0.996 0.002 
264 BKF148-BKF1    (6)   126 :  0.002 0.996 0.002 
265   BKF149    (0)   126 :  0.003 0.995 0.002 
266   BKF151    (0)   126 :  0.004 0.994 0.003 
267   BKF152    (0)   126 :  0.002 0.996 0.002 
268   BKF154    (0)   126 :  0.002 0.996 0.002 
269   BKF155    (0)   126 :  0.002 0.996 0.002 
270   BKF156   (12)   126 :  0.003 0.995 0.002 
271   BKF157    (6)   126 :  0.002 0.996 0.002 
272   BKF160   (12)   126 :  0.002 0.996 0.002 
273   BKF162   (12)   126 :  0.004 0.991 0.005 
274   BKF163   (12)   126 :  0.003 0.993 0.003 
275 BKF164-BKF1    (0)   126 :  0.003 0.994 0.002 
276 BKF165-BKF1    (6)   126 :  0.005 0.992 0.004 
277   BKF166    (6)   126 :  0.015 0.972 0.014 
278   BKF167    (0)   126 :  0.007 0.985 0.008 
279 BKF168-BKF1    (6)   126 :  0.009 0.984 0.006 
280   BKF171    (0)   126 :  0.002 0.996 0.002 
281   BKF172   (31)   126 :  0.005 0.988 0.007 
282 BKF173-BKF1   (12)   126 :  0.002 0.995 0.002 
283   BKF174   (18)   126 :  0.005 0.990 0.005 
284   BKF175   (12)   126 :  0.003 0.994 0.003 
285   BKF177    (6)   126 :  0.004 0.994 0.003 
286 BKF178-BKF1    (0)   126 :  0.003 0.995 0.002 
287 BKF179-BKF1    (6)   126 :  0.003 0.995 0.003 
288   BKF180   (25)   126 :  0.002 0.995 0.003 
289   BKF182   (25)   126 :  0.002 0.996 0.002 
290   BKF184    (6)   126 :  0.002 0.996 0.002 
291   BKF185   (18)   126 :  0.010 0.977 0.013 
292   BKF186   (18)   126 :  0.004 0.992 0.004 
293   BKF197   (25)   126 :  0.004 0.990 0.006 
294   BKF198   (18)   118 :  0.003 0.994 0.003 
295   BKF199    (0)   118 :  0.008 0.985 0.007 
296   BKF200   (25)   118 :  0.005 0.991 0.004 
297   BKF201   (12)   118 :  0.003 0.992 0.005 
298   BKF202   (18)   118 :  0.003 0.995 0.003 
299   BKF203   (37)   118 :  0.007 0.987 0.006 
300   BKF204   (25)   118 :  0.003 0.994 0.003 
301   BKF206   (12)   118 :  0.018 0.965 0.017 
302   BKF207   (12)   118 :  0.004 0.992 0.005 
303   BKF208   (18)   127 :  0.008 0.985 0.008 
304   BKF209    (0)   127 :  0.034 0.922 0.044 
305   BKF210    (0)   127 :  0.004 0.992 0.004 
306   BKF214    (0)   127 :  0.002 0.997 0.002 
307   BKF216   (18)   127 :  0.339 0.586 0.076 
308   BKF217    (6)   127 :  0.003 0.994 0.003 
309   BKF218   (18)   127 :  0.002 0.995 0.002 
310   BKF222    (0)   129 :  0.003 0.995 0.003 
311   BKF223    (6)   126 :  0.003 0.994 0.003 
312   BKF224    (6)   126 :  0.013 0.970 0.017 
313   BKF225    (6)   126 :  0.002 0.996 0.002 
314 BKF228-BKF2    (6)   126 :  0.005 0.986 0.009 
315   BKF229    (0)   126 :  0.002 0.995 0.002 
316   BKF230    (6)   126 :  0.002 0.996 0.002 
317   BKF235    (6)   126 :  0.002 0.996 0.002 
318   BKF236    (6)   126 :  0.002 0.996 0.002 
319   BKF239    (6)   126 :  0.003 0.995 0.002 
320    BMB19   (12)   13 :  0.011 0.979 0.010 
321    BMB23   (31)   13 :  0.003 0.994 0.004 
322    BMB34   (37)   13 :  0.004 0.992 0.003 
323    BMB41   (18)   13 :  0.002 0.996 0.002 
324    BMB44   (18)   13 :  0.003 0.994 0.004 
325   BWA001   (18)   151 :  0.981 0.003 0.016 
326   BWA004   (25)   151 :  0.970 0.003 0.027 
327   BWA006   (12)   151 :  0.934 0.004 0.063 
328   BWA009    (6)   151 :  0.974 0.005 0.021 
329   BWA010   (18)   151 :  0.129 0.002 0.869 
330   BWA013    (0)   151 :  0.890 0.003 0.107 
331   BWA014    (0)   151 :  0.964 0.003 0.033 
332   BWA017    (0)   151 :  0.988 0.002 0.010 
333   BWA018    (0)   151 :  0.990 0.002 0.008 
334   BWA019    (0)   151 :  0.960 0.002 0.039 
335 CAM01-CAM07    (6)   125 :  0.003 0.994 0.003 
336    CAM02    (6)   125 :  0.004 0.992 0.004 
337    CAM03    (6)   125 :  0.002 0.996 0.002 
338    CAM05   (18)   125 :  0.003 0.994 0.003 
339    CAM06   (18)   125 :  0.003 0.994 0.003 
340    CAM09   (12)   125 :  0.002 0.996 0.002 
341    CAM10    (6)   125 :  0.003 0.993 0.004 
342    CAM11   (12)   125 :  0.003 0.992 0.005 
343    CAM16   (12)   125 :  0.003 0.995 0.002 
344    CAM19    (6)   125 :  0.002 0.996 0.002 
345    CAM21   (25)   125 :  0.003 0.994 0.003 
346    CAM27   (31)   125 :  0.005 0.990 0.005 
347    CAM28   (25)   125 :  0.005 0.990 0.004 
348 CAM30-GAB77    (6)   125 :  0.002 0.995 0.002 
349    CAM33    (6)   13 :  0.002 0.995 0.003 
350    CAR02   (37)   57 :  0.007 0.984 0.009 
351 CAR03-CAR14    (0)   57 :  0.085 0.632 0.284 
352 CAR05-CAR16    (0)   57 :  0.007 0.976 0.017 
353   CAR056   (25)   156 :  0.003 0.993 0.003 
354 CAR08-CAR20    (0)   57 :  0.018 0.947 0.035 
355 CAR10-CAR19    (0)   57 :  0.102 0.620 0.278 
356    CAR40   (31)   57 :  0.021 0.272 0.707 
357   CH0878    (0)   27 :  0.906 0.002 0.092 
358   CH0879    (0)   27 :  0.982 0.003 0.015 
359   CH0880    (0)   27 :  0.973 0.002 0.025 
360   CH0881    (0)   27 :  0.991 0.002 0.007 
361   CH0882    (0)   27 :  0.987 0.002 0.011 
362   CH0883    (0)   27 :  0.980 0.002 0.018 
363   CH0884    (0)   27 :  0.984 0.003 0.013 
364   CH0885    (0)   27 :  0.974 0.002 0.024 
365   CH0886    (0)   27 :  0.980 0.002 0.018 
366   CH0888    (6)   27 :  0.985 0.002 0.013 
367   CH0890    (0)   27 :  0.983 0.002 0.015 
368   CH0891    (0)   27 :  0.972 0.002 0.026 
369   CH0892    (0)   27 :  0.991 0.002 0.007 
370   CH0893    (0)   27 :  0.829 0.004 0.166 
371   CH0894    (0)   27 :  0.982 0.002 0.016 
372   CH0895    (0)   27 :  0.990 0.002 0.008 
373   CH0897    (0)   27 :  0.976 0.002 0.021 
374   CH0898    (0)   27 :  0.988 0.002 0.010 
375   CH0899    (0)   27 :  0.987 0.002 0.011 
376   CH0900    (0)   27 :  0.780 0.002 0.218 
377   CH0906    (0)   27 :  0.983 0.003 0.015 
378   CH0907    (0)   27 :  0.803 0.002 0.195 
379   CH0908    (0)   27 :  0.967 0.003 0.031 
380   CH0931    (0)   27 :  0.948 0.002 0.050 
381   CH0932    (0)   27 :  0.986 0.004 0.010 
382   CH0934    (0)   27 :  0.947 0.003 0.050 
383   CH0935    (0)   27 :  0.988 0.002 0.010 
384   CH0952    (6)   27 :  0.739 0.003 0.258 
385   CH0953    (0)   27 :  0.944 0.003 0.052 
386   CH0954    (0)   27 :  0.246 0.003 0.752 
387   CH0955    (0)   27 :  0.991 0.003 0.006 
388   CH0957    (0)   27 :  0.983 0.003 0.014 
389   CH0958    (0)   27 :  0.827 0.002 0.171 
390   CH0959    (0)   27 :  0.989 0.002 0.009 
391   CH0960    (0)   27 :  0.970 0.002 0.028 
392   CH0961    (0)   27 :  0.975 0.002 0.023 
393   CH0962    (0)   27 :  0.976 0.002 0.022 
394   CH0963    (0)   27 :  0.990 0.002 0.008 
395   CH0964    (0)   27 :  0.984 0.002 0.014 
396   CH0965    (0)   27 :  0.987 0.002 0.011 
397   CH0966    (0)   27 :  0.768 0.002 0.230 
398   CH0967    (0)   27 :  0.976 0.002 0.022 
399   CH0968    (0)   27 :  0.974 0.002 0.024 
400   CH0969    (0)   27 :  0.983 0.002 0.015 
401   CH0970    (6)   27 :  0.312 0.002 0.685 
402    CHD01    (6)   46 :  0.060 0.042 0.898 
403    CHD02    (0)   46 :  0.006 0.002 0.993 
404    CHD03    (0)   46 :  0.006 0.002 0.992 
405    CHD04    (6)   46 :  0.041 0.002 0.958 
406    CHD05    (0)   46 :  0.014 0.009 0.977 
407    CHD06    (0)   46 :  0.006 0.002 0.993 
408    CHD07    (0)   46 :  0.007 0.002 0.991 
409    CHD08    (0)   46 :  0.007 0.002 0.991 
410    CHD09    (6)   46 :  0.010 0.002 0.988 
411    CHD10    (0)   46 :  0.017 0.002 0.981 
412    CHD11    (0)   46 :  0.015 0.002 0.983 
413    CHD12    (0)   46 :  0.007 0.002 0.991 
414    CHD13    (0)   46 :  0.046 0.002 0.952 
415    CHD14    (0)   46 :  0.005 0.003 0.992 
416    CHD15    (0)   46 :  0.009 0.002 0.989 
417    CHD16    (0)   46 :  0.015 0.002 0.983 
418    CHD17   (31)   46 :  0.014 0.003 0.983 
419    CHD18   (12)   46 :  0.011 0.002 0.987 
420    CHD19    (6)   46 :  0.007 0.002 0.991 
421    CHD20    (6)   46 :  0.005 0.011 0.984 
422    CHD21   (25)   46 :  0.009 0.003 0.988 
423    CHD22    (0)   46 :  0.008 0.002 0.991 
424    CHD23    (0)   46 :  0.005 0.003 0.992 
425    CHD25    (6)   46 :  0.006 0.002 0.992 
426    CHD26   (12)   46 :  0.007 0.002 0.991 
427    CHD27    (0)   46 :  0.005 0.009 0.986 
428    CHD28   (18)   46 :  0.050 0.002 0.948 
429    CHD29    (0)   46 :  0.024 0.002 0.974 
430    CHD30    (0)   46 :  0.012 0.013 0.974 
431    CHD32   (12)   46 :  0.009 0.002 0.989 
432    CHD33    (0)   46 :  0.005 0.002 0.993 
433 CHD34-CHD36    (0)   73 :  0.009 0.027 0.963 
434    CHD35    (0)   73 :  0.009 0.090 0.901 
435    CHD37    (6)   73 :  0.010 0.021 0.969 
436    CHD38   (12)   73 :  0.014 0.100 0.886 
437 CHD39-CHD62    (0)   73 :  0.006 0.002 0.991 
438    CHD40   (31)   73 :  0.009 0.003 0.988 
439    CHD41   (18)   73 :  0.015 0.002 0.983 
440 CHD44-CHD45    (0)   73 :  0.011 0.085 0.904 
441    CHD52   (25)   74 :  0.012 0.006 0.982 
442    CHD56   (31)   74 :  0.018 0.002 0.980 
443    CHD57   (18)   74 :  0.083 0.002 0.915 
444    CHD58   (37)   74 :  0.013 0.004 0.983 
445    CHD59   (12)   74 :  0.019 0.002 0.979 
446    CHD60    (6)   74 :  0.006 0.002 0.992 
447    CHD61   (12)   74 :  0.007 0.002 0.991 
448    CHD63    (0)   74 :  0.006 0.002 0.992 
449 CI001-CI004    (0)   138 :  0.006 0.980 0.014 
450    CI002    (0)   138 :  0.004 0.992 0.004 
451    CI003    (0)   138 :  0.003 0.993 0.004 
452    CI005    (6)   138 :  0.002 0.995 0.002 
453 CI006-CI010    (0)   138 :  0.003 0.994 0.003 
454    CI011    (0)   138 :  0.002 0.996 0.002 
455    CI012    (0)   138 :  0.002 0.996 0.002 
456    CI013    (0)   138 :  0.004 0.992 0.004 
457    CI014    (0)   138 :  0.002 0.996 0.002 
458 CI018-CI063    (0)   138 :  0.004 0.991 0.005 
459 CI025-CI028    (6)   138 :  0.002 0.996 0.002 
460 CI036-CI050    (0)   138 :  0.011 0.968 0.021 
461    CI041    (6)   138 :  0.002 0.996 0.002 
462    CI042    (6)   138 :  0.002 0.996 0.002 
463 CI044-CI058    (0)   138 :  0.006 0.987 0.006 
464    CI045    (0)   138 :  0.005 0.992 0.003 
465    CI046    (6)   138 :  0.006 0.988 0.007 
466    CI048    (0)   138 :  0.041 0.918 0.041 
467    CI049    (0)   138 :  0.003 0.994 0.003 
468    CI051    (0)   138 :  0.010 0.978 0.012 
469    CI052    (0)   138 :  0.003 0.994 0.003 
470    CI053   (12)   138 :  0.008 0.956 0.036 
471    CI055   (31)   138 :  0.011 0.980 0.009 
472    CI056    (0)   138 :  0.005 0.989 0.006 
473    CI057    (0)   138 :  0.002 0.996 0.002 
474    CI059   (12)   138 :  0.026 0.919 0.055 
475    CI071    (0)   138 :  0.003 0.994 0.003 
476    CI073    (0)   138 :  0.003 0.992 0.005 
477    CI076    (6)   138 :  0.002 0.996 0.002 
478    CI078   (12)   138 :  0.002 0.996 0.002 
479   CMR001    (6)   157 :  0.002 0.997 0.002 
480   CMR002    (0)   157 :  0.003 0.994 0.003 
481   CMR003    (6)   157 :  0.002 0.995 0.002 
482 CMR004-CMR0   (12)   157 :  0.026 0.947 0.028 
483 CMR005-CMR0    (6)   157 :  0.004 0.990 0.006 
484   CMR006    (6)   157 :  0.008 0.984 0.009 
485   CMR007    (6)    4 :  0.003 0.993 0.004 
486 CMR009-CMR0    (6)   125 :  0.004 0.993 0.003 
487   CMR010    (6)   125 :  0.005 0.991 0.004 
488 CMR012-CMR0    (6)   125 :  0.002 0.997 0.002 
489   CMR014   (12)   125 :  0.005 0.991 0.004 
490   CMR015   (12)   125 :  0.008 0.980 0.012 
491   CMR017    (0)   125 :  0.002 0.996 0.002 
492   CMR018   (25)   125 :  0.005 0.989 0.006 
493   CMR021    (0)   125 :  0.003 0.993 0.003 
494   CMR023   (18)   158 :  0.003 0.995 0.002 
495   CMR027    (0)   158 :  0.004 0.994 0.002 
496   CMR031    (6)   158 :  0.003 0.994 0.003 
497   CMR032    (0)   157 :  0.003 0.992 0.005 
498   CMR033    (6)   157 :  0.003 0.993 0.004 
499   CMR034    (0)   157 :  0.004 0.991 0.005 
500   CMR035    (6)   157 :  0.002 0.995 0.003 
501   CMR036    (0)   157 :  0.011 0.976 0.014 
502   CMR038    (6)   157 :  0.009 0.980 0.011 
503   CMR039    (0)   157 :  0.002 0.995 0.003 
504   CMR041    (6)    4 :  0.004 0.990 0.006 
505   CMR042   (18)    4 :  0.007 0.989 0.004 
506   CMR047    (6)    4 :  0.002 0.996 0.002 
507 CMR050-CMR0    (6)    4 :  0.004 0.991 0.005 
508   CMR052    (0)    4 :  0.006 0.990 0.005 
509   CMR053    (0)    4 :  0.002 0.996 0.002 
510   CMR054    (6)    4 :  0.003 0.993 0.004 
511   CMR055    (6)    4 :  0.002 0.996 0.002 
512   CMR057    (6)    4 :  0.034 0.920 0.046 
513   CMR058    (6)   157 :  0.003 0.993 0.004 
514   CMR059    (6)   157 :  0.003 0.995 0.003 
515   CMR061   (18)   157 :  0.006 0.990 0.004 
516   CMR062    (0)   157 :  0.005 0.991 0.004 
517   CMR063    (6)   157 :  0.005 0.990 0.005 
518   CMR064    (6)   157 :  0.002 0.995 0.002 
519   CMR065   (31)   157 :  0.008 0.984 0.008 
520   CMR071    (0)   157 :  0.003 0.995 0.002 
521   CMR072    (6)   157 :  0.003 0.995 0.002 
522 CMR073-CMR0    (6)   157 :  0.002 0.997 0.002 
523   CMR078    (6)   157 :  0.002 0.997 0.001 
524   CMR080    (6)   157 :  0.002 0.995 0.003 
525   CMR081   (12)   158 :  0.004 0.992 0.003 
526   CMR082    (6)    4 :  0.003 0.995 0.003 
527    CON01   (18)   102 :  0.004 0.990 0.006 
528 CON03-CON08    (6)   102 :  0.003 0.994 0.003 
529 CON05-CON09    (0)   102 :  0.002 0.996 0.002 
530    CON10    (0)   15 :  0.002 0.997 0.002 
531    CON11   (12)   15 :  0.006 0.990 0.004 
532    CON12    (6)   15 :  0.003 0.995 0.003 
533    CON13    (0)   15 :  0.025 0.941 0.034 
534    CON14    (0)   15 :  0.006 0.989 0.005 
535    CON15   (18)   15 :  0.003 0.994 0.003 
536    CON16   (12)   15 :  0.013 0.975 0.012 
537    CON17    (0)   15 :  0.019 0.963 0.018 
538    CON18    (6)   15 :  0.004 0.993 0.003 
539    CON19    (6)   15 :  0.008 0.988 0.004 
540    CON20   (37)   15 :  0.023 0.961 0.016 
541 CON21-CON26    (6)   15 :  0.005 0.986 0.008 
542    CON22    (6)   15 :  0.005 0.990 0.004 
543    CON23    (0)   15 :  0.002 0.995 0.003 
544    CON24    (0)   15 :  0.003 0.993 0.003 
545    CON25    (6)   15 :  0.005 0.986 0.009 
546    CON27    (0)   15 :  0.002 0.996 0.002 
547    CON28   (12)   15 :  0.116 0.821 0.063 
548 CON29-CON36   (25)   15 :  0.081 0.835 0.084 
549    CON31   (12)   15 :  0.029 0.922 0.049 
550 CON32-CON34    (6)   15 :  0.225 0.724 0.051 
551    CON33   (25)   15 :  0.200 0.729 0.071 
552    CON35   (12)   15 :  0.030 0.956 0.014 
553    CON38   (12)   15 :  0.034 0.933 0.033 
554    CON39   (18)   15 :  0.052 0.904 0.044 
555    CON40   (12)   15 :  0.137 0.737 0.125 
556    CON42   (18)   15 :  0.028 0.949 0.023 
557    CON43   (25)   15 :  0.113 0.644 0.242 
558    CON44   (12)   102 :  0.003 0.994 0.003 
559    CON45   (18)   102 :  0.003 0.994 0.003 
560    CON50   (12)   102 :  0.002 0.995 0.003 
561    CON53    (0)   102 :  0.002 0.996 0.002 
562    CON56    (6)   102 :  0.002 0.996 0.002 
563    CON58   (37)   102 :  0.004 0.990 0.006 
564    CON62    (6)   102 :  0.008 0.982 0.010 
565    CON64    (6)   102 :  0.003 0.994 0.003 
566    CON65   (25)   102 :  0.003 0.995 0.003 
567     DC01   (12)   15 :  0.004 0.992 0.004 
568     DC02    (6)   15 :  0.007 0.986 0.007 
569     DC04   (37)   15 :  0.004 0.992 0.004 
570     DC06   (25)   15 :  0.002 0.995 0.003 
571     DC10    (0)   15 :  0.009 0.982 0.009 
572     DC12   (25)   15 :  0.004 0.992 0.004 
573     DC13    (0)   15 :  0.002 0.996 0.002 
574     DC17   (12)   15 :  0.004 0.992 0.004 
575     DC19   (25)   15 :  0.002 0.996 0.002 
576     DC21   (12)   15 :  0.013 0.975 0.012 
577     DC25   (37)   15 :  0.003 0.994 0.003 
578     DC26   (18)   15 :  0.008 0.987 0.004 
579  DJA1-01   (37)    4 :  0.003 0.993 0.004 
580  DJA1-03   (37)    4 :  0.024 0.972 0.005 
581  DJA1-11   (31)    4 :  0.006 0.985 0.009 
582  DJA1-15   (31)    4 :  0.021 0.975 0.003 
583  DJA1-21   (37)    4 :  0.002 0.995 0.002 
584  DJA2-09    (0)    4 :  0.005 0.987 0.008 
585  DJA2-16   (12)    4 :  0.006 0.982 0.012 
586 DRC004-DRC0    (0)   89 :  0.002 0.996 0.002 
587   DRC019   (31)   89 :  0.015 0.972 0.013 
588   DRC021   (25)   51 :  0.003 0.994 0.003 
589 DRC022-DRC1    (0)   51 :  0.002 0.995 0.003 
590   DRC030    (6)   51 :  0.004 0.991 0.005 
591 DRC031-DRC1    (0)   51 :  0.002 0.996 0.002 
592   DRC042   (12)   51 :  0.003 0.993 0.004 
593   DRC043    (0)   51 :  0.018 0.963 0.018 
594   DRC045   (12)   51 :  0.010 0.973 0.017 
595   DRC053    (6)   51 :  0.008 0.987 0.005 
596   DRC055   (12)   51 :  0.002 0.996 0.002 
597   DRC058   (31)   51 :  0.004 0.991 0.005 
598   DRC059    (6)   51 :  0.029 0.938 0.033 
599   DRC060    (0)   51 :  0.054 0.895 0.051 
600   DRC063    (0)   51 :  0.003 0.994 0.003 
601   DRC068    (6)   51 :  0.003 0.994 0.004 
602 DRC078.2    (0)   77 :  0.002 0.995 0.002 
603   DRC092   (12)   77 :  0.010 0.981 0.009 
604   DRC095    (6)   77 :  0.011 0.977 0.012 
605   DRC096   (37)   77 :  0.004 0.992 0.004 
606 DRC097-DRC1    (0)   145 :  0.022 0.065 0.914 
607 DRC098-DRC1    (6)   145 :  0.275 0.492 0.233 
608 DRC099-DRC1    (0)   145 :  0.693 0.219 0.088 
609   DRC101    (6)   144 :  0.039 0.011 0.950 
610   DRC103    (0)   145 :  0.592 0.002 0.406 
611 DRC104-DRC1    (6)   145 :  0.222 0.715 0.063 
612   DRC105    (0)   144 :  0.019 0.002 0.979 
613   DRC108    (0)   144 :  0.195 0.002 0.803 
614 DRC112-DRC1    (0)   76 :  0.028 0.869 0.103 
615   DRC115    (0)   145 :  0.136 0.005 0.859 
616   DRC116    (0)   144 :  0.015 0.002 0.983 
617   DRC117    (0)   144 :  0.654 0.002 0.345 
618   DRC118    (6)   145 :  0.634 0.297 0.069 
619   DRC128   (25)   77 :  0.002 0.996 0.002 
620   DRC132   (12)   51 :  0.100 0.855 0.045 
621   DRC134    (0)   51 :  0.004 0.994 0.003 
622   DRC135   (25)   51 :  0.003 0.995 0.002 
623   DRC136    (0)   51 :  0.022 0.964 0.013 
624   DRC139   (18)   51 :  0.003 0.993 0.004 
625   DRC140   (25)   51 :  0.032 0.941 0.027 
626   DRC150   (37)   51 :  0.012 0.982 0.006 
627   DRC154    (6)   51 :  0.003 0.995 0.003 
628   DRC155   (12)   51 :  0.003 0.995 0.003 
629   DRC157    (6)   51 :  0.012 0.981 0.007 
630   DRC160   (31)   77 :  0.007 0.988 0.006 
631   DRC163   (12)   77 :  0.006 0.988 0.006 
632   DRC164    (6)   77 :  0.003 0.995 0.002 
633   DRC165    (6)   77 :  0.003 0.995 0.003 
634   DRC166    (6)   77 :  0.006 0.988 0.006 
635 DRC169-DRC1   (43)   84 :  0.012 0.977 0.011 
636   DRC173   (31)   84 :  0.134 0.801 0.065 
637   DRC177   (18)   84 :  0.028 0.953 0.019 
638   DRC179   (25)   84 :  0.018 0.967 0.015 
639   DRC186    (0)   84 :  0.004 0.993 0.004 
640 DRC187-DRC1    (6)   84 :  0.010 0.982 0.008 
641   DRC189   (18)   51 :  0.003 0.995 0.002 
642   DRC193   (12)   51 :  0.005 0.991 0.004 
643   DRC196   (18)   51 :  0.003 0.995 0.003 
644   DRC197    (6)   51 :  0.010 0.982 0.009 
645   DRC212    (0)   89 :  0.038 0.924 0.038 
646   DRC214    (6)   89 :  0.004 0.993 0.004 
647   DRC215   (12)   89 :  0.004 0.990 0.006 
648   DRC216    (6)   89 :  0.013 0.977 0.010 
649   DRC217    (6)   89 :  0.011 0.974 0.015 
650   DRC218    (6)   89 :  0.002 0.996 0.002 
651 DRC219-DRC2    (6)   89 :  0.004 0.991 0.005 
652   DRC222   (18)   89 :  0.002 0.995 0.002 
653   DRC223   (25)   89 :  0.003 0.995 0.003 
654   DRC224   (18)   89 :  0.035 0.926 0.038 
655   DRC225   (31)   89 :  0.125 0.791 0.084 
656   DRC237   (12)   84 :  0.010 0.982 0.008 
657   DRC238   (18)   84 :  0.016 0.979 0.006 
658   DRC239   (25)   84 :  0.008 0.983 0.008 
659   DRC245   (31)   51 :  0.017 0.962 0.022 
660   DRC248    (6)   51 :  0.002 0.995 0.003 
661 DRC313-DRC3    (0)   137 :  0.983 0.004 0.012 
662 DRC314-DRC3    (0)   137 :  0.981 0.004 0.015 
663 DRC315-DRC3    (0)   137 :  0.976 0.006 0.018 
664 DRC316-DRC3    (0)   137 :  0.977 0.004 0.019 
665 DRC318-DRC3    (0)   137 :  0.903 0.047 0.050 
666   DRC320    (0)   137 :  0.982 0.002 0.016 
667 DRC321-DRC3    (0)   137 :  0.991 0.002 0.007 
668   DRC323    (0)   137 :  0.986 0.004 0.010 
669 DRC324-DRC3    (0)   137 :  0.980 0.005 0.015 
670   DRC325    (0)   137 :  0.987 0.003 0.010 
671 DRC328-DRC3    (0)   137 :  0.936 0.004 0.060 
672   DRC329    (0)   137 :  0.827 0.071 0.102 
673 DRC330-DRC3    (0)   137 :  0.889 0.011 0.100 
674   DRC334    (0)   137 :  0.988 0.003 0.009 
675 DRC337-DRC3    (0)   137 :  0.977 0.002 0.020 
676   DRC340   (18)   137 :  0.978 0.003 0.019 
677 DRC344-DRC3    (0)   137 :  0.946 0.002 0.052 
678   DRC352    (0)   137 :  0.986 0.004 0.011 
679 DRC357-DRC3    (0)   137 :  0.986 0.004 0.010 
680 DRC360-DRC3    (0)   137 :  0.449 0.003 0.549 
681 DRC364-DRC3    (0)   137 :  0.913 0.006 0.081 
682 DRC366-DRC3    (0)   137 :  0.986 0.002 0.012 
683 DRC369-DRC3    (0)   137 :  0.735 0.005 0.260 
684   DS1501    (6)   15 :  0.008 0.979 0.013 
685   DS1502    (0)   15 :  0.009 0.982 0.009 
686   DS1503    (6)   15 :  0.003 0.994 0.003 
687   DS1504    (6)   15 :  0.002 0.996 0.002 
688   DS1505    (6)   15 :  0.002 0.996 0.002 
689   DS1506    (0)   15 :  0.002 0.996 0.002 
690   DS1507    (6)   15 :  0.003 0.992 0.004 
691   DS1508    (6)   15 :  0.021 0.958 0.021 
692   DS1509    (6)   15 :  0.006 0.988 0.006 
693   DS1510    (6)   15 :  0.001 0.997 0.002 
694   DS1511    (6)   15 :  0.002 0.995 0.003 
695   DS1512    (6)   15 :  0.005 0.990 0.005 
696   DS1513    (6)   15 :  0.002 0.996 0.002 
697   DS1514    (6)   15 :  0.003 0.994 0.003 
698   DS1515    (6)   15 :  0.002 0.996 0.002 
699   DS1516    (6)   15 :  0.003 0.994 0.003 
700   DS1517   (31)   15 :  0.004 0.993 0.003 
701   DS1518    (0)   15 :  0.002 0.997 0.002 
702   DS1519    (6)   15 :  0.004 0.993 0.003 
703   DS1521    (0)   15 :  0.003 0.994 0.002 
704   DS1522    (0)   15 :  0.011 0.980 0.008 
705   DS1523    (6)   15 :  0.003 0.995 0.002 
706   DS1524    (6)   15 :  0.019 0.969 0.011 
707   DS1525    (0)   15 :  0.002 0.995 0.002 
708   DS1526    (6)   15 :  0.004 0.992 0.004 
709   DS1527    (6)   15 :  0.003 0.994 0.003 
710   DS1528    (6)   15 :  0.002 0.995 0.002 
711   DS1530    (6)   15 :  0.002 0.996 0.002 
712   DS1531    (6)   15 :  0.002 0.995 0.003 
713   DS1532    (6)   15 :  0.002 0.996 0.002 
714   DS1533    (6)   15 :  0.011 0.981 0.009 
715   DS1534    (6)   15 :  0.019 0.966 0.015 
716   DS1535    (0)   15 :  0.003 0.993 0.004 
717   DS1536    (0)   15 :  0.004 0.993 0.003 
718   DS1537    (6)   15 :  0.004 0.993 0.003 
